0,0.09090909090909091, 0.4583333333333333, 0.4296175752644427,0.0, 0.5555555555555556, 0.41860465116279066
1,0.08314019408116569, 0.5277057722488264, 0.3664459615716225,0.0, 0.6239117817759722, 0.34927543984616294
2,0.07495385602829818, 0.5991035642869266, 0.3078655319778677,0.0, 0.6906781664602056, 0.28803296427654584
3,0.06623127386561747, 0.666870245820677, 0.25492212837148026,0.0, 0.7498368947880534, 0.2350658025902602
4,0.05735594548803973, 0.7274741494614506, 0.208675340641935,0.0, 0.7994938266378947, 0.19042409449130598
5,0.04879803943910234, 0.7793367889050749, 0.1694282427350881,0.0, 0.8399516940144374, 0.15352278742726566
6,0.040924313344366504, 0.8224158924804044, 0.13681525829301328,0.0, 0.8724324193290924, 0.12340432034059563
7,0.033940695034587166, 0.8575580599546268, 0.11009484980169006,0.0, 0.8983443762708806, 0.0990137812596452
8,0.027912143254702503, 0.8859403512277748, 0.08839889420322719,0.0, 0.918970295796932, 0.07935534692621078
9,0.02280894930475678, 0.9087437992207575, 0.07088142858689599,0.0, 0.9353819715803449, 0.06355633459115745
10,0.01854959007700536, 0.9270165807311554, 0.0567868366590601,0.0, 0.9484448654830802, 0.050881196723702185
11,0.01503077754405171, 0.9416396110203024, 0.04547067929554648,0.0, 0.9588485420123875, 0.04072314028588558
12,0.01214558260706019, 0.9533345274181847, 0.03639737959172442,0.0, 0.967139778877987, 0.03258769247148995
13,0.009793157307482784, 0.962685129536957, 0.029128461020279592,0.0, 0.9737516177448526, 0.02607480124411573
14,0.007883225066388872, 0.9701607239446803, 0.023308127988502646,0.0, 0.9790271459151343, 0.0208621986968226
15,0.0063375465324901434, 0.9761373557014393, 0.01864922713019717,0.0, 0.9832384497282451, 0.016690957223214006
16,0.005089750978601327, 0.9809158498040764, 0.014920768853852876,0.0, 0.9866015618331729, 0.013353375659128836
17,0.004084363198988216, 0.9847366719649141, 0.011937322039857283,0.0, 0.9892882090588513, 0.010683011300522918
18,0.0032755023719714207, 0.9877919802290676, 0.009550218250433049,0.0, 0.9914350445600916, 0.00854656754847436
19,0.0026255149389832434, 0.9902353197520464, 0.007640358684829135,0.0, 0.9931509127836404, 0.006837334946178082
20,0.0021036768183728305, 0.992189388975142, 0.006112380972311137,0.0, 0.994522577476421, 0.005469909279736615
21,0.0016850271219438957, 0.9937522477812126, 0.004889952825270528,0.0, 0.9956192471984665, 0.0043759485393939845
22,0.0013493545471496488, 0.9950022754290957, 0.003911986822302335,0.0, 0.9964961578084844, 0.003500769625648222
23,0.0010803356460208186, 0.9960021286958831, 0.00312960201796584,0.0, 0.9971974134463737, 0.002800621220131613
24,8.64813281012994E-4, 0.996801901801699, 0.0025036880387338234,0.0, 0.9977582429556247, 0.002240499799287997
25,6.92199006592457E-4, 0.9974416494669693, 0.002002953717627344,0.0, 0.9982067943707003, 0.0017924012837291937
26,5.539820325548746E-4, 0.997953401900393, 0.0016023646557827183,0.0, 0.9985655636021059, 0.0014339217659849217
27,4.4332816524761485E-4, 0.9983627744089028, 0.0012818925852046015,0.0, 0.9988525329210848, 0.0011471377909604108
28,3.547537212841076E-4, 0.9986902534777315, 0.0010255145085986555,0.0, 0.9990820788685675, 9.177104263122319E-4
29,2.8386131959452836E-4, 0.9989522245626751, 8.204118323073971E-4,0.0, 0.999265696728675, 7.341684401113352E-4
30,2.2712638546783579E-4, 0.9991617936162966, 6.563295812348821E-4,0.0, 0.999412578915504, 5.873348027950953E-4
31,1.8172499460019815E-4, 0.9993294438450055, 5.250637240545958E-4,0.0, 0.9995300769167819, 4.698678681920387E-4
32,1.4539528038519045E-4, 0.999463560812236, 4.200510094807176E-4,0.0, 0.9996240703572374, 3.7589430784082156E-4
33,1.1632600524945763E-4, 0.9995708523245447, 3.36040823063848E-4,0.0, 0.9996992619339554, 3.007154530747722E-4
34,9.306706335164988E-5, 0.999656684213305, 2.688326663756101E-4,0.0, 0.9997594131624636, 2.405723659421212E-4
35,7.445765620561005E-5, 0.9997253488779269, 2.150661371574975E-4,0.0, 0.9998075328440051, 1.9245789453648093E-4
36,5.956868832948951E-5, 0.9997802800674804, 1.7205291180304313E-4,0.0, 0.99984602775631, 1.5396631654190638E-4
37,4.765659112986329E-5, 0.9998242246719183, 1.376423305058227E-4,0.0, 0.9998768231530193, 1.2317305370081256E-4
38,3.8126322757587564E-5, 0.9998593801331377, 1.1011386494908884E-4,0.0, 0.9999014591291497, 9.853844319989052E-5
39,3.0501730089539235E-5, 0.9998875043597603, 8.80910922380097E-5,0.0, 0.9999211676916461, 7.883075468239918E-5
40,2.440181406532774E-5, 0.9999100036499212, 7.047287393311789E-5,0.0, 0.9999369344018545, 6.306460380863076E-5
41,1.952172644222491E-5, 0.9999280030237059, 5.637829921956024E-5,0.0, 0.9999495476805517, 5.045168307901214E-5
42,1.561755727228244E-5, 0.9999424024853855, 4.5102639413057274E-5,0.0, 0.9999596382462473, 4.036134647964846E-5
43,1.2494158532093812E-5, 0.999953922030822, 3.608211154959899E-5,0.0, 0.9999677106621548, 3.228907719213528E-5
44,9.9953989620007E-6, 0.9999631376518687, 2.8865689249485508E-5,0.0, 0.9999741685714248, 2.5831261758017433E-5
45,7.99636533643641E-6, 0.9999705101389114, 2.309255140460919E-5,0.0, 0.9999793348838288, 2.0665009408620245E-5
46,6.397121815712832E-6, 0.9999764081222758, 1.8474041126257974E-5,0.0, 0.9999834679241444, 1.653200752802581E-5
47,5.117716362262882E-6, 0.9999811265049551, 1.4779232902322533E-5,0.0, 0.9999867743502474, 1.3225606022999007E-5
48,4.094185191958203E-6, 0.9999849012085303, 1.182338632253189E-5,0.0, 0.9999894194871943, 1.0580484818695325E-5
49,3.2753558989128647E-6, 0.9999879209697466, 9.458709058370532E-6,0.0, 0.9999915355942334, 8.464387855107873E-6
50,2.620289676137408E-6, 0.9999903367776678, 7.566967246873075E-6,0.0, 0.9999932284782526, 6.771510284163921E-6
51,2.0962349133870486E-6, 0.9999922694233312, 6.053573797588904E-6,0.0, 0.999994582784436, 5.417208227370881E-6
52,1.6769899610911915E-6, 0.9999938155394311, 4.8428590381174315E-6,0.0, 0.9999956662287227, 4.333766581917054E-6
53,1.3415932683151985E-6, 0.9999950524320353, 3.874287230517654E-6,0.0, 0.9999965329837295, 3.4670132655440613E-6
54,1.0732754462941983E-6, 0.999996041945942, 3.099429784426263E-6,0.0, 0.9999972263874642, 2.7736106124405833E-6
55,8.58620889285753E-7, 0.9999968335569545, 2.479543827547226E-6,0.0, 0.9999977811102791, 2.2188884899551975E-6
56,6.868970520685935E-7, 0.9999974668456922, 1.9836350620409632E-6,0.0, 0.9999982248884202, 1.7751107919655564E-6
57,5.495178596643351E-7, 0.9999979734766358, 1.5869080496344002E-6,0.0, 0.9999985799108623, 1.4200886335731613E-6
58,4.396144272574541E-7, 0.9999983787813613, 1.2695264397083546E-6,0.0, 0.9999988639287705, 1.1360709068588956E-6
59,3.516916311025593E-7, 0.9999987030251227, 1.015621151767111E-6,0.0, 0.999999091143068, 9.088567254873041E-7
60,2.8135336203185096E-7, 0.9999989624201199, 8.124969214139076E-7,0.0, 0.9999992729144874, 7.270853803899394E-7
61,2.2508272620134578E-7, 0.9999991699361097, 6.499975371312382E-7,0.0, 0.9999994183316111, 5.816683043120008E-7
62,1.800662043696255E-7, 0.9999993359488967, 5.199980297050478E-7,0.0, 0.9999995346653023, 4.6533464344962585E-7
63,1.4405297847716929E-7, 0.9999994687591229, 4.1599842376406757E-7,0.0, 0.9999996277322505, 3.7226771475971375E-7
64,1.1524239236987427E-7, 0.9999995750073019, 3.3279873901126913E-7,0.0, 0.999999702185806, 2.978141718077776E-7
65,9.219392003230765E-8, 0.9999996600058441, 2.66238991209023E-7,0.0, 0.9999997617486485, 2.382513374462254E-7
66,7.375513995314705E-8, 0.9999997280046765, 2.1299119296722236E-7,0.0, 0.9999998093989209, 1.9060106995698212E-7
67,5.9004114475990085E-8, 0.9999997824037421, 1.7039295437377994E-7,0.0, 0.9999998475191383, 1.524808559655866E-7
68,4.720329318941435E-8, 0.9999998259229944, 1.3631436349902497E-7,0.0, 0.9999998780153114, 1.2198468477246973E-7
69,3.776263558104969E-8, 0.9999998607383958, 1.0905149079922054E-7,0.0, 0.9999999024122498, 9.758774781797603E-8
70,3.021010912373139E-8, 0.999999888590717, 8.72411926393767E-8,0.0, 0.9999999219298001, 7.807019825438095E-8
71,2.4168087720675748E-8, 0.9999999108725739, 6.979295411150149E-8,0.0, 0.9999999375438404, 6.245615860350481E-8
72,1.9334470446422598E-8, 0.9999999286980591, 5.583436328920127E-8,0.0, 0.9999999500350726, 4.9964926882803864E-8
73,1.5467576529862552E-8, 0.9999999429584474, 4.466749063136105E-8,0.0, 0.999999960028058, 3.997194150624311E-8
74,1.2374061334433706E-8, 0.9999999543667579, 3.573399250508886E-8,0.0, 0.9999999680224466, 3.19775532049945E-8
75,9.899249138294907E-9, 0.9999999634934063, 2.8587194004071104E-8,0.0, 0.9999999744179574, 2.5582042563995605E-8
76,7.91939935591461E-9, 0.9999999707947251, 2.2869755203256892E-8,0.0, 0.9999999795343659, 2.0465634051196486E-8
77,6.335519513710044E-9, 0.9999999766357801, 1.8295804162605518E-8,0.0, 0.9999999836274929, 1.6372507240957185E-8
78,5.068415629514184E-9, 0.9999999813086241, 1.4636643330084414E-8,0.0, 0.9999999869019942, 1.3098005792765749E-8
79,4.054732515480884E-9, 0.9999999850468992, 1.1709314664067537E-8,0.0, 0.9999999895215954, 1.0478404634212602E-8
80,3.2437860199812103E-9, 0.9999999880375194, 9.36745173125403E-9,0.0, 0.9999999916172764, 8.382723707370083E-9
81,2.59502882084673E-9, 0.9999999904300156, 7.493961385003225E-9,0.0, 0.999999993293821, 6.706178965896066E-9
82,2.0760230597889114E-9, 0.9999999923440124, 5.9951691080025806E-9,0.0, 0.9999999946350568, 5.3649431727168525E-9
83,1.6608184498225069E-9, 0.99999999387521, 4.7961352864020644E-9,0.0, 0.9999999957080454, 4.291954538173482E-9
84,1.328654761132487E-9, 0.9999999951001679, 3.8369082291216516E-9,0.0, 0.9999999965664363, 3.4335636305387855E-9
85,1.062923809721658E-9, 0.9999999960801345, 3.069526583297321E-9,0.0, 0.9999999972531493, 2.7468509044310284E-9
86,8.503390482993541E-10, 0.9999999968641076, 2.4556212666378565E-9,0.0, 0.9999999978025194, 2.197480723544823E-9
87,6.80271238973581E-10, 0.9999999974912861, 1.9644970133102847E-9,0.0, 0.9999999982420156, 1.7579845788358582E-9
88,5.442169913926872E-10, 0.9999999979930287, 1.5715976106482279E-9,0.0, 0.9999999985936123, 1.4063876630686865E-9
89,4.3537359325099624E-10, 0.9999999983944232, 1.257278088518582E-9,0.0, 0.99999999887489, 1.125110130454949E-9
90,3.482988746883787E-10, 0.9999999987155386, 1.0058224708148653E-9,0.0, 0.999999999099912, 9.00088104363959E-10
91,2.786390998067553E-10, 0.9999999989724309, 8.046579766518925E-10,0.0, 0.9999999992799296, 7.200704834911673E-10
92,2.2291127988127774E-10, 0.9999999991779447, 6.437263813215141E-10,0.0, 0.9999999994239437, 5.760563867929339E-10
93,1.783290239279812E-10, 0.9999999993423558, 5.149811050572112E-10,0.0, 0.9999999995391549, 4.608451094343471E-10
94,1.4266321915707873E-10, 0.9999999994738846, 4.1198488404576905E-10,0.0, 0.999999999631324, 3.686760875474777E-10
95,1.14130575335067E-10, 0.9999999995791078, 3.2958790723661523E-10,0.0, 0.9999999997050593, 2.9494087003798213E-10
96,9.130446027407217E-11, 0.9999999996632862, 2.6367032578929215E-10,0.0, 0.9999999997640474, 2.3595269603038576E-10
97,7.304356822310963E-11, 0.999999999730629, 2.1093626063143376E-10,0.0, 0.9999999998112379, 1.8876215682430865E-10
98,5.843485458095292E-11, 0.999999999784503, 1.6874900850514703E-10,0.0, 0.9999999998489904, 1.5100972545944694E-10
99,4.674788366634007E-11, 0.9999999998276026, 1.3499920680411762E-10,0.0, 0.9999999998791922, 1.2080778036755758E-10
100,3.7398306934081796E-11, 0.9999999998620821, 1.079993654432941E-10,0.0, 0.9999999999033538, 9.664622429404609E-11
101,2.991864554791167E-11, 0.9999999998896656, 8.63994923546353E-11,0.0, 0.9999999999226832, 7.731697943523685E-11
102,2.3934916438742932E-11, 0.9999999999117326, 6.911959388370824E-11,0.0, 0.9999999999381464, 6.185358354818949E-11
103,1.9147933151259044E-11, 0.999999999929386, 5.52956751069666E-11,0.0, 0.9999999999505171, 4.948286683855159E-11
104,1.5318346521176642E-11, 0.999999999943509, 4.423654008557326E-11,0.0, 0.9999999999604137, 3.9586293470841274E-11
105,1.225467721704973E-11, 0.999999999954807, 3.538923206845861E-11,0.0, 0.9999999999683311, 3.166903477667302E-11
106,9.803741773709175E-12, 0.9999999999638458, 2.8311385654766884E-11,0.0, 0.9999999999746649, 2.5335227821338408E-11
107,7.842993419011748E-12, 0.9999999999710765, 2.264910852381351E-11,0.0, 0.9999999999797318, 2.0268182257070728E-11
108,6.274394735237821E-12, 0.9999999999768612, 1.811928681905081E-11,0.0, 0.9999999999837854, 1.6214545805656586E-11
109,5.0195157882084475E-12, 0.999999999981489, 1.4495429455240648E-11,0.0, 0.9999999999870284, 1.2971636644525267E-11
110,4.0156126305783994E-12, 0.9999999999851912, 1.159634356419252E-11,0.0, 0.9999999999896227, 1.0377309315620214E-11
111,3.2124901044701703E-12, 0.999999999988153, 9.277074851354016E-12,0.0, 0.9999999999916982, 8.301847452496171E-12
112,2.5699920835809047E-12, 0.9999999999905225, 7.42165988108321E-12,0.0, 0.9999999999933586, 6.641477961996935E-12
113,2.0559936668677755E-12, 0.9999999999924178, 5.937327904866569E-12,0.0, 0.9999999999946869, 5.313182369597549E-12
114,1.6447949334961735E-12, 0.9999999999939344, 4.749862323893255E-12,0.0, 0.9999999999957494, 4.2505458956780394E-12
115,1.3158359467981889E-12, 0.9999999999951474, 3.799889859114605E-12,0.0, 0.9999999999965996, 3.4004367165424318E-12
116,1.0526687574393513E-12, 0.999999999996118, 3.039911887291684E-12,0.0, 0.9999999999972797, 2.7203493732339462E-12
117,8.421350059519931E-13, 0.9999999999968945, 2.4319295098333477E-12,0.0, 0.9999999999978237, 2.1762794985871567E-12
118,6.73708004761922E-13, 0.9999999999975155, 1.945543607866678E-12,0.0, 0.999999999998259, 1.7410235988697254E-12
119,5.389664038097472E-13, 0.9999999999980125, 1.5564348862933423E-12,0.0, 0.9999999999986073, 1.3928188790957802E-12
120,4.3117312304793207E-13, 0.9999999999984099, 1.2451479090346738E-12,0.0, 0.9999999999988858, 1.1142551032766243E-12
121,3.449384984384316E-13, 0.9999999999987279, 9.96118327227739E-13,0.0, 0.9999999999991087, 8.914040826212992E-13
122,2.759507987508002E-13, 0.9999999999989824, 7.968946617821911E-13,0.0, 0.999999999999287, 7.131232660970393E-13
123,2.207606390006754E-13, 0.999999999999186, 6.375157294257529E-13,0.0, 0.9999999999994296, 5.704986128776314E-13
124,1.7660851120056286E-13, 0.9999999999993487, 5.100125835406024E-13,0.0, 0.9999999999995437, 4.563988903021051E-13
125,1.412868089604647E-13, 0.9999999999994791, 4.080100668324819E-13,0.0, 0.999999999999635, 3.651191122416842E-13
126,1.13029447168381E-13, 0.9999999999995832, 3.2640805346598557E-13,0.0, 0.999999999999708, 2.9209528979334734E-13
127,9.042355773471072E-14, 0.9999999999996665, 2.6112644277278853E-13,0.0, 0.9999999999997664, 2.3367623183467787E-13
128,7.233884618777235E-14, 0.9999999999997333, 2.0890115421823084E-13,0.0, 0.999999999999813, 1.8694098546774234E-13
129,5.787107695022029E-14, 0.9999999999997866, 1.6712092337458467E-13,0.0, 0.9999999999998506, 1.4955278837419382E-13
130,4.6296861560177783E-14, 0.9999999999998292, 1.3369673869966774E-13,0.0, 0.9999999999998803, 1.1964223069935505E-13
131,3.7037489248143225E-14, 0.9999999999998634, 1.069573909597342E-13,0.0, 0.9999999999999043, 9.571378455948404E-14
132,2.962999139851521E-14, 0.9999999999998908, 8.556591276778736E-14,0.0, 0.9999999999999234, 7.657102764758723E-14
133,2.370399311881257E-14, 0.9999999999999125, 6.845273021422989E-14,0.0, 0.9999999999999387, 6.12568221180698E-14
134,1.8963194495050315E-14, 0.9999999999999301, 5.47621841713839E-14,0.0, 0.9999999999999512, 4.9005457694455833E-14
135,1.5170555596040415E-14, 0.999999999999944, 4.380974733710711E-14,0.0, 0.9999999999999609, 3.920436615556466E-14
136,1.213644447683244E-14, 0.9999999999999554, 3.504779786968569E-14,0.0, 0.9999999999999687, 3.136349292445173E-14
137,9.709155581466019E-15, 0.9999999999999643, 2.8038238295748555E-14,0.0, 0.9999999999999749, 2.509079433956139E-14
138,7.76732446517286E-15, 0.9999999999999714, 2.2430590636598848E-14,0.0, 0.99999999999998, 2.007263547164911E-14
139,6.213859572138316E-15, 0.9999999999999771, 1.7944472509279084E-14,0.0, 0.999999999999984, 1.6058108377319293E-14
140,4.97108765771067E-15, 0.9999999999999818, 1.4355578007423266E-14,0.0, 0.9999999999999871, 1.2846486701855434E-14
141,3.976870126168548E-15, 0.9999999999999853, 1.1484462405938613E-14,0.0, 0.9999999999999898, 1.0277189361484348E-14
142,3.1814961009348456E-15, 0.9999999999999882, 9.187569924750891E-15,0.0, 0.9999999999999918, 8.221751489187478E-15
143,2.5451968807478813E-15, 0.9999999999999907, 7.350055939800713E-15,0.0, 0.9999999999999936, 6.577401191349981E-15
144,2.036157504598308E-15, 0.9999999999999925, 5.8800447518405694E-15,0.0, 0.9999999999999949, 5.2619209530799835E-15
145,1.6289260036786487E-15, 0.999999999999994, 4.704035801472456E-15,0.0, 0.9999999999999958, 4.209536762463988E-15
146,1.3031408029429201E-15, 0.9999999999999953, 3.763228641177965E-15,0.0, 0.9999999999999967, 3.3676294099711904E-15
147,1.042512642354337E-15, 0.9999999999999962, 3.010582912942371E-15,0.0, 0.9999999999999973, 2.694103527976952E-15
148,8.3401011388347E-16, 0.9999999999999969, 2.4084663303538973E-15,0.0, 0.999999999999998, 2.1552828223815617E-15
149,6.672080911067765E-16, 0.9999999999999976, 1.9267730642831177E-15,0.0, 0.9999999999999982, 1.7242262579052492E-15
150,5.337664728854214E-16, 0.999999999999998, 1.5414184514264942E-15,0.0, 0.9999999999999987, 1.3793810063241992E-15
151,4.270131783083373E-16, 0.9999999999999984, 1.2331347611411955E-15,0.0, 0.9999999999999989, 1.1035048050593596E-15
152,3.4161054264667E-16, 0.9999999999999989, 9.865078089129565E-16,0.0, 0.9999999999999991, 8.828038440474877E-16
153,2.7328843411733607E-16, 0.9999999999999991, 7.892062471303651E-16,0.0, 0.9999999999999993, 7.062430752379901E-16
154,2.186307472938689E-16, 0.9999999999999992, 6.31364997704292E-16,0.0, 0.9999999999999993, 5.649944601903922E-16
155,1.7490459783509512E-16, 0.9999999999999994, 5.050919981634336E-16,0.0, 0.9999999999999996, 4.519955681523139E-16
156,1.3992367826807614E-16, 0.9999999999999996, 4.0407359853074693E-16,0.0, 0.9999999999999996, 3.615964545218511E-16
157,1.1193894261446093E-16, 0.9999999999999996, 3.2325887882459755E-16,0.0, 0.9999999999999998, 2.8927716361748094E-16
158,8.955115409156877E-17, 0.9999999999999998, 2.58607103059678E-16,0.0, 0.9999999999999998, 2.3142173089398476E-16
159,7.164092327325502E-17, 0.9999999999999998, 2.0688568244774236E-16,0.0, 0.9999999999999998, 1.851373847151878E-16
160,5.731273861860401E-17, 0.9999999999999998, 1.655085459581939E-16,0.0, 1.0, 1.4810990777215023E-16
161,4.585019089488322E-17, 0.9999999999999999, 1.3240683676655514E-16,0.0, 0.9999999999999998, 1.184879262177202E-16
162,3.668015271590658E-17, 0.9999999999999999, 1.0592546941324413E-16,0.0, 1.0, 9.479034097417616E-17
163,2.934412217272527E-17, 0.9999999999999999, 8.474037553059532E-17,0.0, 1.0, 7.583227277934094E-17
164,2.3475297738180216E-17, 0.9999999999999999, 6.779230042447626E-17,0.0, 1.0, 6.066581822347275E-17
165,1.8780238190544176E-17, 1.0, 5.423384033958101E-17,0.0, 1.0, 4.85326545787782E-17
166,1.502419055243534E-17, 1.0, 4.338707227166481E-17,0.0, 1.0, 3.882612366302256E-17
167,1.2019352441948273E-17, 1.0, 3.4709657817331854E-17,0.0, 1.0, 3.1060898930418046E-17
168,9.615481953558619E-18, 1.0, 2.776772625386548E-17,0.0, 1.0, 2.484871914433444E-17
169,7.692385562846896E-18, 1.0, 2.2214181003092386E-17,0.0, 1.0, 1.9878975315467552E-17
170,6.153908450277517E-18, 1.0, 1.777134480247391E-17,0.0, 1.0, 1.5903180252374042E-17
171,4.9231267602220134E-18, 1.0, 1.4217075841979128E-17,0.0, 1.0, 1.2722544201899234E-17
172,3.938501408177611E-18, 1.0, 1.1373660673583303E-17,0.0, 1.0, 1.0178035361519387E-17
173,3.150801126542089E-18, 1.0, 9.098928538866643E-18,0.0, 1.0, 8.142428289215511E-18
174,2.5206409012336713E-18, 1.0, 7.279142831093314E-18,0.0, 1.0, 6.513942631372409E-18
175,2.016512720986937E-18, 1.0, 5.823314264874652E-18,0.0, 1.0, 5.2111541050979275E-18
176,1.6132101767895495E-18, 1.0, 4.658651411899722E-18,0.0, 1.0, 4.168923284078342E-18
177,1.2905681414316397E-18, 1.0, 3.7269211295197775E-18,0.0, 1.0, 3.3351386272626737E-18
178,1.0324545131453117E-18, 1.0, 2.981536903615822E-18,0.0, 1.0, 2.6681109018101393E-18
179,8.259636105162495E-19, 1.0, 2.3852295228926576E-18,0.0, 1.0, 2.1344887214481115E-18
180,6.607708884129996E-19, 1.0, 1.908183618314126E-18,0.0, 1.0, 1.7075909771584892E-18
181,5.286167107303997E-19, 1.0, 1.526546894651301E-18,0.0, 1.0, 1.3660727817267913E-18
182,4.2289336858431977E-19, 1.0, 1.221237515721041E-18,0.0, 1.0, 1.0928582253814332E-18
183,3.3831469486745584E-19, 1.0, 9.769900125768329E-19,0.0, 1.0, 8.742865803051466E-19
184,2.706517558939647E-19, 1.0, 7.815920100614663E-19,0.0, 1.0, 6.994292642441173E-19
185,2.165214047151718E-19, 1.0, 6.252736080491731E-19,0.0, 1.0, 5.595434113952939E-19
186,1.7321712377213744E-19, 1.0, 5.002188864393385E-19,0.0, 1.0, 4.476347291162351E-19
187,1.3857369901770995E-19, 1.0, 4.0017510915147083E-19,0.0, 1.0, 3.581077832929881E-19
188,1.1085895921416796E-19, 1.0, 3.2014008732117667E-19,0.0, 1.0, 2.864862266343905E-19
189,8.868716737133437E-20, 1.0, 2.561120698569413E-19,0.0, 1.0, 2.291889813075124E-19
190,7.09497338970675E-20, 1.0, 2.0488965588555306E-19,0.0, 1.0, 1.8335118504600993E-19
191,5.6759787117654E-20, 1.0, 1.6391172470844246E-19,0.0, 1.0, 1.4668094803680796E-19
192,4.5407829694123204E-20, 1.0, 1.3112937976675396E-19,0.0, 1.0, 1.1734475842944637E-19
193,3.6326263755298566E-20, 1.0, 1.0490350381340318E-19,0.0, 1.0, 9.38758067435571E-20
194,2.9061011004238856E-20, 1.0, 8.392280305072255E-20,0.0, 1.0, 7.510064539484568E-20
195,2.3248808803391085E-20, 1.0, 6.713824244057804E-20,0.0, 1.0, 6.008051631587655E-20
196,1.8599047042712868E-20, 1.0, 5.3710593952462434E-20,0.0, 1.0, 4.806441305270124E-20
197,1.4879237634170296E-20, 1.0, 4.296847516196995E-20,0.0, 1.0, 3.845153044216099E-20
198,1.1903390107336238E-20, 1.0, 3.437478012957596E-20,0.0, 1.0, 3.0761224353728796E-20
199,9.52271208586899E-21, 1.0, 2.749982410366077E-20,0.0, 1.0, 2.460897948298304E-20
200,7.618169668695193E-21, 1.0, 2.1999859282928618E-20,0.0, 1.0, 1.968718358638643E-20
201,6.094535734956155E-21, 1.0, 1.7599887426342895E-20,0.0, 1.0, 1.5749746869109146E-20
202,4.8756285879649245E-21, 1.0, 1.4079909941074318E-20,0.0, 1.0, 1.2599797495287317E-20
203,3.90050287037194E-21, 1.0, 1.1263927952859455E-20,0.0, 1.0, 1.0079837996229855E-20
204,3.1204022962975518E-21, 1.0, 9.011142362287565E-21,0.0, 1.0, 8.063870396983884E-21
205,2.4963218370380417E-21, 1.0, 7.208913889830052E-21,0.0, 1.0, 6.4510963175871075E-21
206,1.9970574696304334E-21, 1.0, 5.767131111864042E-21,0.0, 1.0, 5.160877054069686E-21
207,1.5976459757043468E-21, 1.0, 4.613704889491234E-21,0.0, 1.0, 4.128701643255749E-21
208,1.2781167805634775E-21, 1.0, 3.690963911592987E-21,0.0, 1.0, 3.3029613146045993E-21
209,1.022493424450782E-21, 1.0, 2.95277112927439E-21,0.0, 1.0, 2.6423690516836794E-21
210,8.179947395606256E-22, 1.0, 2.362216903419512E-21,0.0, 1.0, 2.1138952413469437E-21
211,6.543957916485005E-22, 1.0, 1.8897735227356096E-21,0.0, 1.0, 1.691116193077555E-21
212,5.235166333188005E-22, 1.0, 1.5118188181884878E-21,0.0, 1.0, 1.352892954462044E-21
213,4.188133066550404E-22, 1.0, 1.2094550545507902E-21,0.0, 1.0, 1.0823143635696352E-21
214,3.3505064532403238E-22, 1.0, 9.675640436406323E-22,0.0, 1.0, 8.658514908557083E-22
215,2.680405162592259E-22, 1.0, 7.7405123491250585E-22,0.0, 1.0, 6.926811926845666E-22
216,2.144324130073807E-22, 1.0, 6.192409879300048E-22,0.0, 1.0, 5.541449541476534E-22
217,1.715459304059046E-22, 1.0, 4.953927903440038E-22,0.0, 1.0, 4.433159633181227E-22
218,1.3723674432472367E-22, 1.0, 3.963142322752031E-22,0.0, 1.0, 3.5465277065449815E-22
219,1.0978939545977894E-22, 1.0, 3.170513858201625E-22,0.0, 1.0, 2.8372221652359853E-22
220,8.783151636782316E-23, 1.0, 2.5364110865613E-22,0.0, 1.0, 2.269777732188788E-22
221,7.026521309425853E-23, 1.0, 2.02912886924904E-22,0.0, 1.0, 1.8158221857510305E-22
222,5.621217047540683E-23, 1.0, 1.623303095399232E-22,0.0, 1.0, 1.4526577486008245E-22
223,4.496973638032547E-23, 1.0, 1.2986424763193857E-22,0.0, 1.0, 1.1621261988806597E-22
224,3.597578910426038E-23, 1.0, 1.0389139810555087E-22,0.0, 1.0, 9.297009591045279E-23
225,2.87806312834083E-23, 1.0, 8.31131184844407E-23,0.0, 1.0, 7.437607672836224E-23
226,2.3024505026726644E-23, 1.0, 6.649049478755256E-23,0.0, 1.0, 5.95008613826898E-23
227,1.8419604021381317E-23, 1.0, 5.319239583004206E-23,0.0, 1.0, 4.7600689106151844E-23
228,1.4735683217105054E-23, 1.0, 4.255391666403365E-23,0.0, 1.0, 3.8080551284921475E-23
229,1.1788546573684045E-23, 1.0, 3.4043133331226923E-23,0.0, 1.0, 3.046444102793718E-23
230,9.430837258947236E-24, 1.0, 2.723450666498154E-23,0.0, 1.0, 2.4371552822349747E-23
231,7.54466980715779E-24, 1.0, 2.1787605331985232E-23,0.0, 1.0, 1.9497242257879798E-23
232,6.035735845726232E-24, 1.0, 1.7430084265588188E-23,0.0, 1.0, 1.5597793806303838E-23
233,4.828588676580986E-24, 1.0, 1.394406741247055E-23,0.0, 1.0, 1.2478235045043071E-23
234,3.862870941264789E-24, 1.0, 1.1155253929976441E-23,0.0, 1.0, 9.982588036034458E-24
235,3.090296753011831E-24, 1.0, 8.924203143981153E-24,0.0, 1.0, 7.986070428827567E-24
236,2.472237402409465E-24, 1.0, 7.139362515184923E-24,0.0, 1.0, 6.388856343062054E-24
237,1.9777899219275722E-24, 1.0, 5.711490012147938E-24,0.0, 1.0, 5.111085074449644E-24
238,1.5822319375420579E-24, 1.0, 4.5691920097183506E-24,0.0, 1.0, 4.0888680595597154E-24
239,1.2657855500336464E-24, 1.0, 3.6553536077746805E-24,0.0, 1.0, 3.2710944476477726E-24
240,1.0126284400269173E-24, 1.0, 2.9242828862197444E-24,0.0, 1.0, 2.616875558118218E-24
241,8.101027520215339E-25, 1.0, 2.3394263089757958E-24,0.0, 1.0, 2.0935004464945747E-24
242,6.480822016172271E-25, 1.0, 1.871541047180637E-24,0.0, 1.0, 1.67480035719566E-24
243,5.184657612937818E-25, 1.0, 1.4972328377445096E-24,0.0, 1.0, 1.3398402857565281E-24
244,4.147726090350254E-25, 1.0, 1.1977862701956077E-24,0.0, 1.0, 1.0718722286052226E-24
245,3.3181808722802036E-25, 1.0, 9.582290161564862E-25,0.0, 1.0, 8.574977828841781E-25
246,2.654544697824163E-25, 1.0, 7.66583212925189E-25,0.0, 1.0, 6.859982263073426E-25
247,2.1236357582593305E-25, 1.0, 6.132665703401513E-25,0.0, 1.0, 5.487985810458741E-25
248,1.6989086066074646E-25, 1.0, 4.906132562721211E-25,0.0, 1.0, 4.390388648366992E-25
249,1.3591268852859718E-25, 1.0, 3.924906050176969E-25,0.0, 1.0, 3.512310918693594E-25
250,1.0873015082287774E-25, 1.0, 3.139924840141575E-25,0.0, 1.0, 2.8098487349548754E-25
251,8.698412065830219E-26, 1.0, 2.5119398721132603E-25,0.0, 1.0, 2.2478789879639006E-25
252,6.958729652664176E-26, 1.0, 2.0095518976906083E-25,0.0, 1.0, 1.7983031903711206E-25
253,5.566983722131341E-26, 1.0, 1.6076415181524868E-25,0.0, 1.0, 1.4386425522968966E-25
254,4.453586977705073E-26, 1.0, 1.2861132145219896E-25,0.0, 1.0, 1.1509140418375173E-25
255,3.562869582164058E-26, 1.0, 1.0288905716175917E-25,0.0, 1.0, 9.207312334700139E-26
256,2.850295665731247E-26, 1.0, 8.231124572940734E-26,0.0, 1.0, 7.365849867760111E-26
257,2.2802365325849976E-26, 1.0, 6.584899658352588E-26,0.0, 1.0, 5.892679894208089E-26
258,1.8241892260679983E-26, 1.0, 5.26791972668207E-26,0.0, 1.0, 4.7141439153664716E-26
259,1.4593513808543987E-26, 1.0, 4.2143357813456564E-26,0.0, 1.0, 3.7713151322931775E-26
260,1.167481104683519E-26, 1.0, 3.371468625076525E-26,0.0, 1.0, 3.017052105834542E-26
261,9.339848837468153E-27, 1.0, 2.6971749000612204E-26,0.0, 1.0, 2.4136416846676336E-26
262,7.471879069974522E-27, 1.0, 2.1577399200489764E-26,0.0, 1.0, 1.930913347734107E-26
263,5.9775032559796176E-27, 1.0, 1.7261919360391812E-26,0.0, 1.0, 1.5447306781872857E-26
264,4.782002604783695E-27, 1.0, 1.3809535488313452E-26,0.0, 1.0, 1.2357845425498285E-26
265,3.825602083826956E-27, 1.0, 1.1047628390650762E-26,0.0, 1.0, 9.886276340398629E-27
266,3.060481667061565E-27, 1.0, 8.83810271252061E-27,0.0, 1.0, 7.909021072318904E-27
267,2.4483853336492523E-27, 1.0, 7.070482170016488E-27,0.0, 1.0, 6.327216857855123E-27
268,1.9587082669194018E-27, 1.0, 5.656385736013191E-27,0.0, 1.0, 5.061773486284099E-27
269,1.5669666135355215E-27, 1.0, 4.525108588810553E-27,0.0, 1.0, 4.0494187890272794E-27
270,1.2535732908284173E-27, 1.0, 3.620086871048442E-27,0.0, 1.0, 3.239535031221824E-27
271,1.0028586326627339E-27, 1.0, 2.896069496838754E-27,0.0, 1.0, 2.591628024977459E-27
272,8.022869061301872E-28, 1.0, 2.316855597471003E-27,0.0, 1.0, 2.0733024199819675E-27
273,6.418295249041497E-28, 1.0, 1.8534844779768025E-27,0.0, 1.0, 1.6586419359855742E-27
274,5.1346361992331985E-28, 1.0, 1.4827875823814421E-27,0.0, 1.0, 1.3269135487884595E-27
275,4.107708959386559E-28, 1.0, 1.1862300659051538E-27,0.0, 1.0, 1.0615308390307677E-27
276,3.286167167509247E-28, 1.0, 9.489840527241231E-28,0.0, 1.0, 8.492246712246141E-28
277,2.628933734007398E-28, 1.0, 7.591872421792985E-28,0.0, 1.0, 6.793797369796913E-28
278,2.1031469872059184E-28, 1.0, 6.073497937434388E-28,0.0, 1.0, 5.435037895837531E-28
279,1.6825175897647347E-28, 1.0, 4.858798349947511E-28,0.0, 1.0, 4.348030316670025E-28
280,1.3460140718117878E-28, 1.0, 3.8870386799580094E-28,0.0, 1.0, 3.47842425333602E-28
281,1.0768112574494303E-28, 1.0, 3.109630943966408E-28,0.0, 1.0, 2.7827394026688163E-28
282,8.614490059595443E-29, 1.0, 2.4877047551731265E-28,0.0, 1.0, 2.2261915221350533E-28
283,6.891592047676355E-29, 1.0, 1.9901638041385012E-28,0.0, 1.0, 1.7809532177080428E-28
284,5.513273638141084E-29, 1.0, 1.5921310433108011E-28,0.0, 1.0, 1.4247625741664343E-28
285,4.4106189105128676E-29, 1.0, 1.273704834648641E-28,0.0, 1.0, 1.1398100593331476E-28
286,3.528495128410294E-29, 1.0, 1.0189638677189127E-28,0.0, 1.0, 9.118480474665181E-29
287,2.8227961027282353E-29, 1.0, 8.151710941751302E-29,0.0, 1.0, 7.294784379732145E-29
288,2.2582368821825885E-29, 1.0, 6.521368753401042E-29,0.0, 1.0, 5.835827503785717E-29
289,1.8065895057460708E-29, 1.0, 5.217095002720834E-29,0.0, 1.0, 4.6686620030285736E-29
290,1.4452716045968566E-29, 1.0, 4.1736760021766673E-29,0.0, 1.0, 3.734929602422859E-29
291,1.1562172836774853E-29, 1.0, 3.3389408017413343E-29,0.0, 1.0, 2.9879436819382874E-29
292,9.249738269419883E-30, 1.0, 2.6711526413930673E-29,0.0, 1.0, 2.39035494555063E-29
293,7.399790615535907E-30, 1.0, 2.136922113114454E-29,0.0, 1.0, 1.9122839564405043E-29
294,5.919832492428726E-30, 1.0, 1.7095376904915634E-29,0.0, 1.0, 1.5298271651524034E-29
295,4.735865993942981E-30, 1.0, 1.367630152393251E-29,0.0, 1.0, 1.2238617321219228E-29
296,3.788692795154385E-30, 1.0, 1.0941041219146008E-29,0.0, 1.0, 9.790893856975383E-30
297,3.030954236123508E-30, 1.0, 8.752832975316807E-30,0.0, 1.0, 7.832715085580307E-30
298,2.4247633888988067E-30, 1.0, 7.002266380253446E-30,0.0, 1.0, 6.266172068464246E-30
299,1.9398107111190455E-30, 1.0, 5.601813104202757E-30,0.0, 1.0, 5.012937654771397E-30
300,1.5518485688952364E-30, 1.0, 4.481450483362206E-30,0.0, 1.0, 4.010350123817118E-30
301,1.2414788551161892E-30, 1.0, 3.585160386689765E-30,0.0, 1.0, 3.2082800990536946E-30
302,9.931830840929514E-31, 1.0, 2.8681283093518122E-30,0.0, 1.0, 2.566624079242956E-30
303,7.945464672743612E-31, 1.0, 2.29450264748145E-30,0.0, 1.0, 2.0532992633943647E-30
304,6.35637173819489E-31, 1.0, 1.83560211798516E-30,0.0, 1.0, 1.642639410715492E-30
305,5.085097390555913E-31, 1.0, 1.4684816943881282E-30,0.0, 1.0, 1.3141115285723937E-30
306,4.06807791244473E-31, 1.0, 1.1747853555105027E-30,0.0, 1.0, 1.0512892228579151E-30
307,3.254462329955784E-31, 1.0, 9.398282844084022E-31,0.0, 1.0, 8.41031378286332E-31
308,2.6035698639646275E-31, 1.0, 7.518626275267218E-31,0.0, 1.0, 6.728251026290657E-31
309,2.082855891171702E-31, 1.0, 6.014901020213775E-31,0.0, 1.0, 5.382600821032526E-31
310,1.6662847129373617E-31, 1.0, 4.811920816171021E-31,0.0, 1.0, 4.306080656826021E-31
311,1.3330277703498895E-31, 1.0, 3.8495366529368166E-31,0.0, 1.0, 3.444864525460817E-31
312,1.0664222162799116E-31, 1.0, 3.0796293223494535E-31,0.0, 1.0, 2.7558916203686536E-31
313,8.531377730239293E-32, 1.0, 2.463703457879563E-31,0.0, 1.0, 2.204713296294923E-31
314,6.825102184191435E-32, 1.0, 1.9709627663036505E-31,0.0, 1.0, 1.7637706370359384E-31
315,5.460081747353148E-32, 1.0, 1.5767702130429205E-31,0.0, 1.0, 1.4110165096287507E-31
316,4.368065397882519E-32, 1.0, 1.2614161704343365E-31,0.0, 1.0, 1.1288132077030005E-31
317,3.4944523183060155E-32, 1.0, 1.0091329363474694E-31,0.0, 1.0, 9.030505661624005E-32
318,2.7955618546448123E-32, 1.0, 8.073063490779755E-32,0.0, 1.0, 7.224404529299204E-32
319,2.23644948371585E-32, 1.0, 6.458450792623805E-32,0.0, 1.0, 5.779523623439363E-32
320,1.78915958697268E-32, 1.0, 5.166760634099044E-32,0.0, 1.0, 4.623618898751491E-32
321,1.431327669578144E-32, 1.0, 4.133408507279235E-32,0.0, 1.0, 3.698895119001193E-32
322,1.1450621356625153E-32, 1.0, 3.3067268058233884E-32,0.0, 1.0, 2.9591160952009546E-32
323,9.160497085300123E-33, 1.0, 2.645381444658711E-32,0.0, 1.0, 2.367292876160764E-32
324,7.328397668240099E-33, 1.0, 2.1163051557269688E-32,0.0, 1.0, 1.8938343009286112E-32
325,5.8627181345920795E-33, 1.0, 1.693044124581575E-32,0.0, 1.0, 1.515067440742889E-32
326,4.690174507673664E-33, 1.0, 1.3544352996652602E-32,0.0, 1.0, 1.2120539525943113E-32
327,3.752139606138931E-33, 1.0, 1.0835482397322082E-32,0.0, 1.0, 9.696431620754491E-33
328,3.001711684911145E-33, 1.0, 8.668385917857666E-33,0.0, 1.0, 7.757145296603593E-33
329,2.4013693479289164E-33, 1.0, 6.934708734286132E-33,0.0, 1.0, 6.205716237282875E-33
330,1.9210954783431333E-33, 1.0, 5.547766987428906E-33,0.0, 1.0, 4.9645729898263004E-33
331,1.5368763826745068E-33, 1.0, 4.438213589943125E-33,0.0, 1.0, 3.971658391861041E-33
332,1.2295011061396055E-33, 1.0, 3.5505708719545004E-33,0.0, 1.0, 3.177326713488833E-33
333,9.836008849116846E-34, 1.0, 2.8404566975636005E-33,0.0, 1.0, 2.5418613707910665E-33
334,7.868807079293478E-34, 1.0, 2.2723653580508806E-33,0.0, 1.0, 2.0334890966328535E-33
335,6.295045663434783E-34, 1.0, 1.8178922864407046E-33,0.0, 1.0, 1.626791277306283E-33
336,5.036036530747827E-34, 1.0, 1.4543138291525638E-33,0.0, 1.0, 1.3014330218450265E-33
337,4.0288292245982615E-34, 1.0, 1.1634510633220511E-33,0.0, 1.0, 1.0411464174760214E-33
338,3.2230633796786094E-34, 1.0, 9.30760850657641E-34,0.0, 1.0, 8.329171339808171E-34
339,2.5784507037428878E-34, 1.0, 7.4460868052611276E-34,0.0, 1.0, 6.6633370718465374E-34
340,2.06276056299431E-34, 1.0, 5.956869444208902E-34,0.0, 1.0, 5.33066965747723E-34
341,1.6502084503954482E-34, 1.0, 4.7654955553671225E-34,0.0, 1.0, 4.2645357259817845E-34
342,1.3201667603163587E-34, 1.0, 3.8123964442936983E-34,0.0, 1.0, 3.411628580785428E-34
343,1.056133408253087E-34, 1.0, 3.049917155434959E-34,0.0, 1.0, 2.7293028646283425E-34
344,8.449067266024696E-35, 1.0, 2.4399337243479675E-34,0.0, 1.0, 2.183442291702674E-34
345,6.759253812819757E-35, 1.0, 1.9519469794783743E-34,0.0, 1.0, 1.7467538333621391E-34
346,5.407403050255806E-35, 1.0, 1.5615575835826996E-34,0.0, 1.0, 1.3974030666897114E-34
347,4.3259224402046455E-35, 1.0, 1.2492460668661598E-34,0.0, 1.0, 1.1179224533517692E-34
348,3.4607379521637167E-35, 1.0, 9.993968534929279E-35,0.0, 1.0, 8.943379626814154E-35
349,2.7685903617309733E-35, 1.0, 7.995174827943423E-35,0.0, 1.0, 7.154703701451324E-35
350,2.2148722893847788E-35, 1.0, 6.396139862354738E-35,0.0, 1.0, 5.723762961161059E-35
351,1.771897831507823E-35, 1.0, 5.116911889883791E-35,0.0, 1.0, 4.579010368928848E-35
352,1.4175182652062585E-35, 1.0, 4.0935295119070326E-35,0.0, 1.0, 3.6632082951430785E-35
353,1.1340146121650068E-35, 1.0, 3.274823609525626E-35,0.0, 1.0, 2.930566636114463E-35
354,9.072116897320055E-36, 1.0, 2.619858887620501E-35,0.0, 1.0, 2.3444533088915704E-35
355,7.257693517856045E-36, 1.0, 2.095887110096401E-35,0.0, 1.0, 1.8755626471132564E-35
356,5.806154814284836E-36, 1.0, 1.676709688077121E-35,0.0, 1.0, 1.5004501176906053E-35
357,4.644923851427869E-36, 1.0, 1.341367750461697E-35,0.0, 1.0, 1.2003600941524843E-35
358,3.715939081142295E-36, 1.0, 1.0730942003693577E-35,0.0, 1.0, 9.602880753219875E-36
359,2.9727512649138363E-36, 1.0, 8.584753602954862E-36,0.0, 1.0, 7.6823046025759E-36
360,2.378201011931069E-36, 1.0, 6.86780288236389E-36,0.0, 1.0, 6.145843682060721E-36
361,1.9025608095448552E-36, 1.0, 5.4942423058911116E-36,0.0, 1.0, 4.916674945648577E-36
362,1.5220486476358842E-36, 1.0, 4.3953938447128896E-36,0.0, 1.0, 3.933339956518862E-36
363,1.2176389181087074E-36, 1.0, 3.5163150757703117E-36,0.0, 1.0, 3.1466719652150896E-36
364,9.74111134486966E-37, 1.0, 2.8130520606162493E-36,0.0, 1.0, 2.517337572172072E-36
365,7.792889075895729E-37, 1.0, 2.2504416484929997E-36,0.0, 1.0, 2.0138700577376576E-36
366,6.234311260716583E-37, 1.0, 1.8003533187943997E-36,0.0, 1.0, 1.611096046190126E-36
367,4.987449008573267E-37, 1.0, 1.4402826550355198E-36,0.0, 1.0, 1.288876836952101E-36
368,3.989959206858614E-37, 1.0, 1.1522261240284158E-36,0.0, 1.0, 1.0311014695616809E-36
369,3.1919673654868917E-37, 1.0, 9.217808992227328E-37,0.0, 1.0, 8.248811756493448E-37
370,2.5535738923895135E-37, 1.0, 7.374247193781863E-37,0.0, 1.0, 6.5990494051947586E-37
371,2.042859113911611E-37, 1.0, 5.89939775502549E-37,0.0, 1.0, 5.279239524155807E-37
372,1.6342872911292888E-37, 1.0, 4.719518204020393E-37,0.0, 1.0, 4.223391619324646E-37
373,1.3074298329034311E-37, 1.0, 3.775614563216314E-37,0.0, 1.0, 3.378713295459717E-37
374,1.045943866322745E-37, 1.0, 3.0204916505730513E-37,0.0, 1.0, 2.7029706363677736E-37
375,8.36755093058196E-38, 1.0, 2.416393320458441E-37,0.0, 1.0, 2.162376509094219E-37
376,6.694040744465568E-38, 1.0, 1.933114656366753E-37,0.0, 1.0, 1.7299012072753753E-37
377,5.355232595572454E-38, 1.0, 1.5464917250934024E-37,0.0, 1.0, 1.3839209658203003E-37
378,4.284186076457964E-38, 1.0, 1.237193380074722E-37,0.0, 1.0, 1.1071367726562402E-37
379,3.4273488611663713E-38, 1.0, 9.897547040597777E-38,0.0, 1.0, 8.857094181249922E-38
380,2.7418790889330973E-38, 1.0, 7.918037632478222E-38,0.0, 1.0, 7.085675344999939E-38
381,2.193503271146478E-38, 1.0, 6.334430105982578E-38,0.0, 1.0, 5.668540275999952E-38
382,1.7548026169171825E-38, 1.0, 5.067544084786063E-38,0.0, 1.0, 4.5348322207999614E-38
383,1.403842093533746E-38, 1.0, 4.0540352678288507E-38,0.0, 1.0, 3.627865776639969E-38
384,1.1230736748269969E-38, 1.0, 3.243228214263081E-38,0.0, 1.0, 2.9022926213119756E-38
385,8.984589398615975E-39, 1.0, 2.5945825714104647E-38,0.0, 1.0, 2.3218340970495805E-38
386,7.18767151889278E-39, 1.0, 2.0756660571283719E-38,0.0, 1.0, 1.8574672776396646E-38
387,5.750137215114224E-39, 1.0, 1.6605328457026976E-38,0.0, 1.0, 1.4859738221117317E-38
388,4.60010977209138E-39, 1.0, 1.3284262765621583E-38,0.0, 1.0, 1.1887790576893854E-38
389,3.680087817673104E-39, 1.0, 1.0627410212497267E-38,0.0, 1.0, 9.510232461515084E-39
390,2.9440702541384834E-39, 1.0, 8.501928169997814E-39,0.0, 1.0, 7.608185969212067E-39
391,2.3552562033107867E-39, 1.0, 6.801542535998252E-39,0.0, 1.0, 6.086548775369654E-39
392,1.8842049626486296E-39, 1.0, 5.441234028798601E-39,0.0, 1.0, 4.869239020295724E-39
393,1.5073639701189038E-39, 1.0, 4.352987223038881E-39,0.0, 1.0, 3.895391216236579E-39
394,1.2058911760951231E-39, 1.0, 3.482389778431105E-39,0.0, 1.0, 3.116312972989263E-39
395,9.647129408760986E-40, 1.0, 2.785911822744884E-39,0.0, 1.0, 2.4930503783914108E-39
396,7.71770352700879E-40, 1.0, 2.2287294581959074E-39,0.0, 1.0, 1.994440302713129E-39
397,6.174162821607031E-40, 1.0, 1.782983566556726E-39,0.0, 1.0, 1.5955522421705032E-39
398,4.939330257285626E-40, 1.0, 1.4263868532453809E-39,0.0, 1.0, 1.2764417937364027E-39
399,3.951464205828501E-40, 1.0, 1.1411094825963048E-39,0.0, 1.0, 1.0211534349891221E-39
400,3.161171364662801E-40, 1.0, 9.128875860770439E-40,0.0, 1.0, 8.169227479912977E-40
401,2.528937091730241E-40, 1.0, 7.303100688616351E-40,0.0, 1.0, 6.535381983930382E-40
402,2.023149673384193E-40, 1.0, 5.842480550893081E-40,0.0, 1.0, 5.228305587144306E-40
403,1.6185197387073543E-40, 1.0, 4.6739844407144654E-40,0.0, 1.0, 4.182644469715444E-40
404,1.2948157909658835E-40, 1.0, 3.7391875525715725E-40,0.0, 1.0, 3.3461155757723556E-40
405,1.0358526327727069E-40, 1.0, 2.9913500420572583E-40,0.0, 1.0, 2.6768924606178845E-40
406,8.286821062181655E-41, 1.0, 2.3930800336458067E-40,0.0, 1.0, 2.1415139684943076E-40
407,6.629456849745325E-41, 1.0, 1.9144640269166453E-40,0.0, 1.0, 1.7132111747954462E-40
408,5.30356547979626E-41, 1.0, 1.5315712215333163E-40,0.0, 1.0, 1.370568939836357E-40
409,4.2428523838370083E-41, 1.0, 1.225256977226653E-40,0.0, 1.0, 1.0964551518690856E-40
410,3.3942819070696066E-41, 1.0, 9.802055817813224E-41,0.0, 1.0, 8.771641214952685E-41
411,2.7154255256556853E-41, 1.0, 7.84164465425058E-41,0.0, 1.0, 7.017312971962148E-41
412,2.1723404205245482E-41, 1.0, 6.273315723400465E-41,0.0, 1.0, 5.613850377569719E-41
413,1.7378723364196386E-41, 1.0, 5.018652578720372E-41,0.0, 1.0, 4.4910803020557757E-41
414,1.390297869135711E-41, 1.0, 4.0149220629762977E-41,0.0, 1.0, 3.5928642416446206E-41
415,1.1122382953085688E-41, 1.0, 3.2119376503810383E-41,0.0, 1.0, 2.8742913933156966E-41
416,8.897906362468551E-42, 1.0, 2.569550120304831E-41,0.0, 1.0, 2.2994331146525573E-41
417,7.118325089974841E-42, 1.0, 2.055640096243865E-41,0.0, 1.0, 1.8395464917220459E-41
418,5.694660071979873E-42, 1.0, 1.644512076995092E-41,0.0, 1.0, 1.471637193377637E-41
419,4.555728057583898E-42, 1.0, 1.3156096615960735E-41,0.0, 1.0, 1.1773097547021097E-41
420,3.6445824460671186E-42, 1.0, 1.0524877292768588E-41,0.0, 1.0, 9.418478037616877E-42
421,2.915665956853695E-42, 1.0, 8.419901834214871E-42,0.0, 1.0, 7.534782430093502E-42
422,2.3325327654829562E-42, 1.0, 6.735921467371898E-42,0.0, 1.0, 6.027825944074801E-42
423,1.8660262123863652E-42, 1.0, 5.3887371738975186E-42,0.0, 1.0, 4.8222607552598414E-42
424,1.492820969909092E-42, 1.0, 4.310989739118015E-42,0.0, 1.0, 3.8578086042078736E-42
425,1.1942567759272737E-42, 1.0, 3.4487917912944125E-42,0.0, 1.0, 3.086246883366299E-42
426,9.55405420741819E-43, 1.0, 2.7590334330355302E-42,0.0, 1.0, 2.4689975066930395E-42
427,7.643243365934552E-43, 1.0, 2.2072267464284244E-42,0.0, 1.0, 1.9751980053544318E-42
428,6.114594692747642E-43, 1.0, 1.7657813971427395E-42,0.0, 1.0, 1.5801584042835455E-42
429,4.891675754198114E-43, 1.0, 1.4126251177141917E-42,0.0, 1.0, 1.2641267234268365E-42
430,3.913340603358491E-43, 1.0, 1.1301000941713534E-42,0.0, 1.0, 1.0113013787414693E-42
431,3.130672482686793E-43, 1.0, 9.040800753370829E-43,0.0, 1.0, 8.090411029931755E-43
432,2.504537986149435E-43, 1.0, 7.232640602696663E-43,0.0, 1.0, 6.472328823945404E-43
433,2.003630388919548E-43, 1.0, 5.786112482157331E-43,0.0, 1.0, 5.177863059156323E-43
434,1.6029043111356385E-43, 1.0, 4.628889985725865E-43,0.0, 1.0, 4.1422904473250585E-43
435,1.282323448908511E-43, 1.0, 3.703111988580692E-43,0.0, 1.0, 3.313832357860047E-43
436,1.0258587591268088E-43, 1.0, 2.962489590864554E-43,0.0, 1.0, 2.6510658862880376E-43
437,8.206870073014471E-44, 1.0, 2.3699916726916435E-43,0.0, 1.0, 2.1208527090304304E-43
438,6.565496058411577E-44, 1.0, 1.8959933381533147E-43,0.0, 1.0, 1.6966821672243443E-43
439,5.252396846729262E-44, 1.0, 1.5167946705226518E-43,0.0, 1.0, 1.3573457337794756E-43
440,4.2019174773834097E-44, 1.0, 1.2134357364181214E-43,0.0, 1.0, 1.0858765870235806E-43
441,3.361533981906728E-44, 1.0, 9.707485891344971E-44,0.0, 1.0, 8.687012696188645E-44
442,2.6892271855253827E-44, 1.0, 7.765988713075977E-44,0.0, 1.0, 6.949610156950916E-44
443,2.1513817484203063E-44, 1.0, 6.212790970460782E-44,0.0, 1.0, 5.559688125560733E-44
444,1.721105398736245E-44, 1.0, 4.970232776368626E-44,0.0, 1.0, 4.4477505004485865E-44
445,1.3768843189889962E-44, 1.0, 3.976186221094901E-44,0.0, 1.0, 3.5582004003588693E-44
446,1.101507455191197E-44, 1.0, 3.180948976875921E-44,0.0, 1.0, 2.8465603202870956E-44
447,8.812059641529576E-45, 1.0, 2.544759181500737E-44,0.0, 1.0, 2.277248256229677E-44
448,7.049647713223662E-45, 1.0, 2.0358073452005898E-44,0.0, 1.0, 1.8217986049837415E-44
449,5.63971817057893E-45, 1.0, 1.628645876160472E-44,0.0, 1.0, 1.4574388839869933E-44
450,4.511774536463144E-45, 1.0, 1.3029167009283776E-44,0.0, 1.0, 1.1659511071895947E-44
451,3.6094196291705154E-45, 1.0, 1.0423333607427022E-44,0.0, 1.0, 9.327608857516758E-45
452,2.887535703336413E-45, 1.0, 8.338666885941618E-45,0.0, 1.0, 7.462087086013407E-45
453,2.3100285626691302E-45, 1.0, 6.670933508753294E-45,0.0, 1.0, 5.969669668810726E-45
454,1.8480228501353043E-45, 1.0, 5.3367468070026354E-45,0.0, 1.0, 4.775735735048581E-45
455,1.4784182801082436E-45, 1.0, 4.2693974456021085E-45,0.0, 1.0, 3.820588588038865E-45
456,1.182734624086595E-45, 1.0, 3.415517956481687E-45,0.0, 1.0, 3.056470870431092E-45
457,9.46187699269276E-46, 1.0, 2.7324143651853495E-45,0.0, 1.0, 2.4451766963448738E-45
458,7.569501594154208E-46, 1.0, 2.1859314921482797E-45,0.0, 1.0, 1.956141357075899E-45
459,6.055601275323367E-46, 1.0, 1.748745193718624E-45,0.0, 1.0, 1.5649130856607193E-45
460,4.844481020258694E-46, 1.0, 1.3989961549748992E-45,0.0, 1.0, 1.2519304685285755E-45
461,3.875584816206956E-46, 1.0, 1.1191969239799194E-45,0.0, 1.0, 1.0015443748228605E-45
462,3.1004678529655646E-46, 1.0, 8.953575391839356E-46,0.0, 1.0, 8.012354998582884E-46
463,2.480374282372452E-46, 1.0, 7.162860313471486E-46,0.0, 1.0, 6.4098839988663075E-46
464,1.9842994258979615E-46, 1.0, 5.730288250777189E-46,0.0, 1.0, 5.127907199093046E-46
465,1.5874395407183694E-46, 1.0, 4.5842306006217515E-46,0.0, 1.0, 4.102325759274437E-46
466,1.2699516325746956E-46, 1.0, 3.6673844804974015E-46,0.0, 1.0, 3.2818606074195497E-46
467,1.0159613060597566E-46, 1.0, 2.9339075843979215E-46,0.0, 1.0, 2.62548848593564E-46
468,8.127690448478053E-47, 1.0, 2.3471260675183374E-46,0.0, 1.0, 2.100390788748512E-46
469,6.502152358782443E-47, 1.0, 1.87770085401467E-46,0.0, 1.0, 1.6803126309988097E-46
470,5.201721887025955E-47, 1.0, 1.502160683211736E-46,0.0, 1.0, 1.3442501047990479E-46
471,4.1613775096207637E-47, 1.0, 1.2017285465693888E-46,0.0, 1.0, 1.0754000838392384E-46
472,3.329102007696611E-47, 1.0, 9.61382837255511E-47,0.0, 1.0, 8.603200670713908E-47
473,2.663281606157289E-47, 1.0, 7.691062698044088E-47,0.0, 1.0, 6.882560536571126E-47
474,2.1306252849258315E-47, 1.0, 6.152850158435272E-47,0.0, 1.0, 5.506048429256901E-47
475,1.7045002279406653E-47, 1.0, 4.922280126748217E-47,0.0, 1.0, 4.404838743405521E-47
476,1.3636001823525324E-47, 1.0, 3.937824101398574E-47,0.0, 1.0, 3.523870994724417E-47
477,1.090880145882026E-47, 1.0, 3.1502592811188595E-47,0.0, 1.0, 2.8190967957795337E-47
478,8.727041167056209E-48, 1.0, 2.5202074248950878E-47,0.0, 1.0, 2.255277436623627E-47
479,6.981632933644968E-48, 1.0, 2.0161659399160702E-47,0.0, 1.0, 1.8042219492989018E-47
480,5.585306346915975E-48, 1.0, 1.6129327519328562E-47,0.0, 1.0, 1.4433775594391215E-47
481,4.4682450775327805E-48, 1.0, 1.290346201546285E-47,0.0, 1.0, 1.1547020475512973E-47
482,3.5745960620262245E-48, 1.0, 1.0322769612370282E-47,0.0, 1.0, 9.237616380410379E-48
483,2.8596768496209795E-48, 1.0, 8.258215689896226E-48,0.0, 1.0, 7.390093104328303E-48
484,2.2877414796967837E-48, 1.0, 6.606572551916982E-48,0.0, 1.0, 5.912074483462643E-48
485,1.8301931837574272E-48, 1.0, 5.285258041533586E-48,0.0, 1.0, 4.729659586770115E-48
486,1.464154547005942E-48, 1.0, 4.228206433226869E-48,0.0, 1.0, 3.783727669416092E-48
487,1.1713236376047537E-48, 1.0, 3.3825651465814954E-48,0.0, 1.0, 3.0269821355328735E-48
488,9.37058910083803E-49, 1.0, 2.7060521172651965E-48,0.0, 1.0, 2.4215857084262988E-48
489,7.496471280670424E-49, 1.0, 2.1648416938121574E-48,0.0, 1.0, 1.9372685667410392E-48
490,5.997177024536339E-49, 1.0, 1.731873355049726E-48,0.0, 1.0, 1.5498148533928315E-48
491,4.7977416196290714E-49, 1.0, 1.385498684039781E-48,0.0, 1.0, 1.2398518827142653E-48
492,3.838193295703257E-49, 1.0, 1.108398947231825E-48,0.0, 1.0, 9.918815061714124E-49
493,3.070554636562606E-49, 1.0, 8.8671915778546E-49,0.0, 1.0, 7.935052049371299E-49
494,2.456443709250085E-49, 1.0, 7.09375326228368E-49,0.0, 1.0, 6.348041639497039E-49
495,1.965154967400068E-49, 1.0, 5.675002609826944E-49,0.0, 1.0, 5.078433311597632E-49
496,1.5721239739200546E-49, 1.0, 4.5400020878615555E-49,0.0, 1.0, 4.062746649278106E-49
497,1.2576991791360438E-49, 1.0, 3.632001670289244E-49,0.0, 1.0, 3.2501973194224847E-49
498,1.006159343308835E-49, 1.0, 2.9056013362313957E-49,0.0, 1.0, 2.600157855537988E-49
499,8.04927474647068E-50, 1.0, 2.3244810689851166E-49,0.0, 1.0, 2.0801262844303906E-49
500,6.439419797176544E-50, 1.0, 1.8595848551880933E-49,0.0, 1.0, 1.6641010275443125E-49
501,5.151535837741236E-50, 1.0, 1.4876678841504747E-49,0.0, 1.0, 1.3312808220354502E-49
502,4.1212286701929887E-50, 1.0, 1.1901343073203799E-49,0.0, 1.0, 1.0650246576283601E-49
503,3.296982936154391E-50, 1.0, 9.52107445856304E-50,0.0, 1.0, 8.520197261026881E-50
504,2.637586348923513E-50, 1.0, 7.6168595668504315E-50,0.0, 1.0, 6.816157808821505E-50
505,2.1100690791388106E-50, 1.0, 6.093487653480346E-50,0.0, 1.0, 5.452926247057204E-50
506,1.6880552633110486E-50, 1.0, 4.874790122784277E-50,0.0, 1.0, 4.362340997645764E-50
507,1.3504442106488389E-50, 1.0, 3.8998320982274218E-50,0.0, 1.0, 3.489872798116611E-50
508,1.080355368519071E-50, 1.0, 3.1198656785819376E-50,0.0, 1.0, 2.791898238493289E-50
509,8.642842948152569E-51, 1.0, 2.4958925428655503E-50,0.0, 1.0, 2.2335185907946314E-50
510,6.914274358522056E-51, 1.0, 1.9967140342924404E-50,0.0, 1.0, 1.7868148726357052E-50
511,5.531419486817645E-51, 1.0, 1.5973712274339525E-50,0.0, 1.0, 1.4294518981085642E-50
512,4.425135589454116E-51, 1.0, 1.277896981947162E-50,0.0, 1.0, 1.1435615184868514E-50
513,3.5401084715632935E-51, 1.0, 1.0223175855577296E-50,0.0, 1.0, 9.148492147894812E-51
514,2.832086777250635E-51, 1.0, 8.178540684461838E-51,0.0, 1.0, 7.31879371831585E-51
515,2.265669421800508E-51, 1.0, 6.54283254756947E-51,0.0, 1.0, 5.85503497465268E-51
516,1.8125355374404063E-51, 1.0, 5.2342660380555765E-51,0.0, 1.0, 4.684027979722144E-51
517,1.4500284299523252E-51, 1.0, 4.1874128304444617E-51,0.0, 1.0, 3.747222383777716E-51
518,1.1600227439618602E-51, 1.0, 3.3499302643555696E-51,0.0, 1.0, 2.9977779070221725E-51
519,9.280181951694882E-52, 1.0, 2.6799442114844557E-51,0.0, 1.0, 2.398222325617738E-51
520,7.424145561355905E-52, 1.0, 2.1439553691875645E-51,0.0, 1.0, 1.9185778604941906E-51
521,5.939316449084725E-52, 1.0, 1.7151642953500516E-51,0.0, 1.0, 1.5348622883953525E-51
522,4.75145315926778E-52, 1.0, 1.3721314362800413E-51,0.0, 1.0, 1.227889830716282E-51
523,3.801162527414224E-52, 1.0, 1.097705149024033E-51,0.0, 1.0, 9.823118645730257E-52
524,3.0409300219313796E-52, 1.0, 8.781641192192266E-52,0.0, 1.0, 7.858494916584206E-52
525,2.432744017545104E-52, 1.0, 7.025312953753813E-52,0.0, 1.0, 6.2867959332673645E-52
526,1.9461952140360833E-52, 1.0, 5.62025036300305E-52,0.0, 1.0, 5.029436746613892E-52
527,1.5569561712288667E-52, 1.0, 4.496200290402441E-52,0.0, 1.0, 4.023549397291114E-52
528,1.2455649369830934E-52, 1.0, 3.596960232321953E-52,0.0, 1.0, 3.2188395178328917E-52
529,9.964519495864747E-53, 1.0, 2.8775681858575623E-52,0.0, 1.0, 2.5750716142663136E-52
530,7.971615596691798E-53, 1.0, 2.30205454868605E-52,0.0, 1.0, 2.060057291413051E-52
531,6.377292477353439E-53, 1.0, 1.8416436389488398E-52,0.0, 1.0, 1.648045833130441E-52
532,5.101833981882752E-53, 1.0, 1.4733149111590718E-52,0.0, 1.0, 1.3184366665043528E-52
533,4.0814671855062017E-53, 1.0, 1.1786519289272576E-52,0.0, 1.0, 1.0547493332034822E-52
534,3.2651737484049614E-53, 1.0, 9.429215431418062E-53,0.0, 1.0, 8.437994665627858E-53
535,2.6121389987239694E-53, 1.0, 7.543372345134449E-53,0.0, 1.0, 6.750395732502287E-53
536,2.0897111989791754E-53, 1.0, 6.03469787610756E-53,0.0, 1.0, 5.40031658600183E-53
537,1.6717689591833405E-53, 1.0, 4.827758300886048E-53,0.0, 1.0, 4.320253268801464E-53
538,1.3374151673466725E-53, 1.0, 3.8622066407088387E-53,0.0, 1.0, 3.456202615041171E-53
539,1.069932133877338E-53, 1.0, 3.089765312567071E-53,0.0, 1.0, 2.7649620920329374E-53
540,8.559457071018705E-54, 1.0, 2.471812250053657E-53,0.0, 1.0, 2.21196967362635E-53
541,6.847565656814964E-54, 1.0, 1.9774498000429257E-53,0.0, 1.0, 1.76957573890108E-53
542,5.478052525451972E-54, 1.0, 1.5819598400343406E-53,0.0, 1.0, 1.415660591120864E-53
543,4.3824420203615776E-54, 1.0, 1.2655678720274726E-53,0.0, 1.0, 1.1325284728966913E-53
544,3.5059536162892626E-54, 1.0, 1.0124542976219781E-53,0.0, 1.0, 9.060227783173531E-54
545,2.80476289303141E-54, 1.0, 8.099634380975825E-54,0.0, 1.0, 7.248182226538825E-54
546,2.2438103144251284E-54, 1.0, 6.479707504780661E-54,0.0, 1.0, 5.79854578123106E-54
547,1.795048251540103E-54, 1.0, 5.183766003824529E-54,0.0, 1.0, 4.638836624984848E-54
548,1.4360386012320824E-54, 1.0, 4.1470128030596235E-54,0.0, 1.0, 3.7110692999878786E-54
549,1.148830880985666E-54, 1.0, 3.317610242447699E-54,0.0, 1.0, 2.968855439990303E-54
550,9.190647047885328E-55, 1.0, 2.6540881939581594E-54,0.0, 1.0, 2.3750843519922423E-54
551,7.352517638308262E-55, 1.0, 2.1232705551665276E-54,0.0, 1.0, 1.900067481593794E-54
552,5.8820141106466096E-55, 1.0, 1.6986164441332222E-54,0.0, 1.0, 1.5200539852750353E-54
553,4.705611288517288E-55, 1.0, 1.358893155306578E-54,0.0, 1.0, 1.2160431882200283E-54
554,3.7644890308138305E-55, 1.0, 1.0871145242452623E-54,0.0, 1.0, 9.728345505760226E-55
555,3.0115912246510646E-55, 1.0, 8.696916193962099E-55,0.0, 1.0, 7.78267640460818E-55
556,2.4092729797208518E-55, 1.0, 6.95753295516968E-55,0.0, 1.0, 6.2261411236865446E-55
557,1.9274183837766816E-55, 1.0, 5.566026364135744E-55,0.0, 1.0, 4.980912898949236E-55
558,1.5419347070213454E-55, 1.0, 4.4528210913085954E-55,0.0, 1.0, 3.984730319159389E-55
559,1.2335477656170764E-55, 1.0, 3.562256873046876E-55,0.0, 1.0, 3.1877842553275115E-55
560,9.868382124936612E-56, 1.0, 2.849805498437501E-55,0.0, 1.0, 2.5502274042620093E-55
561,7.89470569994929E-56, 1.0, 2.279844398750001E-55,0.0, 1.0, 2.0401819234096076E-55
562,6.315764559959432E-56, 1.0, 1.823875519000001E-55,0.0, 1.0, 1.6321455387276862E-55
563,5.052611647967546E-56, 1.0, 1.4591004152000008E-55,0.0, 1.0, 1.305716430982149E-55
564,4.0420893183740373E-56, 1.0, 1.1672803321600006E-55,0.0, 1.0, 1.0445731447857193E-55
565,3.23367145469923E-56, 1.0, 9.338242657280006E-56,0.0, 1.0, 8.356585158285754E-56
566,2.586937163759384E-56, 1.0, 7.470594125824005E-56,0.0, 1.0, 6.685268126628604E-56
567,2.0695497310075076E-56, 1.0, 5.976475300659204E-56,0.0, 1.0, 5.348214501302884E-56
568,1.6556397848060062E-56, 1.0, 4.781180240527364E-56,0.0, 1.0, 4.278571601042307E-56
569,1.324511827844805E-56, 1.0, 3.8249441924218913E-56,0.0, 1.0, 3.4228572808338454E-56
570,1.059609462275844E-56, 1.0, 3.0599553539375134E-56,0.0, 1.0, 2.7382858246670765E-56
571,8.476875698206753E-57, 1.0, 2.447964283150011E-56,0.0, 1.0, 2.1906286597336614E-56
572,6.781500558565403E-57, 1.0, 1.9583714265200087E-56,0.0, 1.0, 1.7525029277869293E-56
573,5.425200446852323E-57, 1.0, 1.566697141216007E-56,0.0, 1.0, 1.4020023422295435E-56
574,4.3401603574818585E-57, 1.0, 1.2533577129728057E-56,0.0, 1.0, 1.121601873783635E-56
575,3.472128285985487E-57, 1.0, 1.0026861703782446E-56,0.0, 1.0, 8.972814990269079E-57
576,2.7777026287883895E-57, 1.0, 8.021489363025957E-57,0.0, 1.0, 7.178251992215263E-57
577,2.2221621030307116E-57, 1.0, 6.417191490420766E-57,0.0, 1.0, 5.74260159377221E-57
578,1.7777296824245695E-57, 1.0, 5.133753192336614E-57,0.0, 1.0, 4.5940812750177687E-57
579,1.4221837459396556E-57, 1.0, 4.107002553869291E-57,0.0, 1.0, 3.675265020014215E-57
580,1.1377469967517246E-57, 1.0, 3.285602043095433E-57,0.0, 1.0, 2.940212016011372E-57
581,9.101975974013797E-58, 1.0, 2.6284816344763466E-57,0.0, 1.0, 2.352169612809098E-57
582,7.281580779211038E-58, 1.0, 2.1027853075810773E-57,0.0, 1.0, 1.8817356902472785E-57
583,5.8252646233688306E-58, 1.0, 1.682228246064862E-57,0.0, 1.0, 1.505388552197823E-57
584,4.660211698695065E-58, 1.0, 1.3457825968518897E-57,0.0, 1.0, 1.2043108417582583E-57
585,3.728169358956052E-58, 1.0, 1.0766260774815118E-57,0.0, 1.0, 9.634486734066067E-58
586,2.982535487164842E-58, 1.0, 8.613008619852095E-58,0.0, 1.0, 7.707589387252853E-58
587,2.3860283897318735E-58, 1.0, 6.890406895881676E-58,0.0, 1.0, 6.166071509802283E-58
588,1.9088227117854988E-58, 1.0, 5.512325516705341E-58,0.0, 1.0, 4.932857207841827E-58
589,1.5270581694283991E-58, 1.0, 4.409860413364273E-58,0.0, 1.0, 3.946285766273462E-58
590,1.2216465355427194E-58, 1.0, 3.527888330691419E-58,0.0, 1.0, 3.15702861301877E-58
591,9.773172284341755E-59, 1.0, 2.822310664553135E-58,0.0, 1.0, 2.525622890415016E-58
592,7.818537827473404E-59, 1.0, 2.2578485316425082E-58,0.0, 1.0, 2.020498312332013E-58
593,6.2548302619787235E-59, 1.0, 1.8062788253140066E-58,0.0, 1.0, 1.6163986498656103E-58
594,5.003864209582979E-59, 1.0, 1.4450230602512054E-58,0.0, 1.0, 1.2931189198924882E-58
595,4.003091367666383E-59, 1.0, 1.1560184482009643E-58,0.0, 1.0, 1.0344951359139906E-58
596,3.202473094133107E-59, 1.0, 9.248147585607715E-59,0.0, 1.0, 8.275961087311925E-59
597,2.561978475306486E-59, 1.0, 7.398518068486173E-59,0.0, 1.0, 6.62076886984954E-59
598,2.0495827802451887E-59, 1.0, 5.918814454788939E-59,0.0, 1.0, 5.2966150958796325E-59
599,1.639666224196151E-59, 1.0, 4.735051563831151E-59,0.0, 1.0, 4.2372920767037065E-59
600,1.311732979356921E-59, 1.0, 3.7880412510649206E-59,0.0, 1.0, 3.3898336613629652E-59
601,1.0493863834855367E-59, 1.0, 3.0304330008519366E-59,0.0, 1.0, 2.7118669290903724E-59
602,8.395091067884294E-60, 1.0, 2.4243464006815496E-59,0.0, 1.0, 2.169493543272298E-59
603,6.716072854307436E-60, 1.0, 1.9394771205452397E-59,0.0, 1.0, 1.7355948346178384E-59
604,5.372858283445949E-60, 1.0, 1.5515816964361918E-59,0.0, 1.0, 1.3884758676942707E-59
605,4.2982866267567595E-60, 1.0, 1.2412653571489535E-59,0.0, 1.0, 1.1107806941554166E-59
606,3.4386293014054077E-60, 1.0, 9.930122857191629E-60,0.0, 1.0, 8.886245553243333E-60
607,2.750903441124326E-60, 1.0, 7.944098285753303E-60,0.0, 1.0, 7.108996442594667E-60
608,2.2007227528994608E-60, 1.0, 6.355278628602643E-60,0.0, 1.0, 5.687197154075734E-60
609,1.760578202319569E-60, 1.0, 5.084222902882115E-60,0.0, 1.0, 4.5497577232605876E-60
610,1.408462561855655E-60, 1.0, 4.067378322305692E-60,0.0, 1.0, 3.6398061786084703E-60
611,1.1267700494845241E-60, 1.0, 3.253902657844554E-60,0.0, 1.0, 2.9118449428867765E-60
612,9.014160395876193E-61, 1.0, 2.6031221262756433E-60,0.0, 1.0, 2.3294759543094213E-60
613,7.211328316700954E-61, 1.0, 2.082497701020515E-60,0.0, 1.0, 1.8635807634475372E-60
614,5.7690626533607635E-61, 1.0, 1.665998160816412E-60,0.0, 1.0, 1.4908646107580298E-60
615,4.615250122688611E-61, 1.0, 1.3327985286531296E-60,0.0, 1.0, 1.192691688606424E-60
616,3.692200098150889E-61, 1.0, 1.0662388229225038E-60,0.0, 1.0, 9.541533508851393E-61
617,2.9537600785207115E-61, 1.0, 8.52991058338003E-61,0.0, 1.0, 7.633226807081114E-61
618,2.3630080628165694E-61, 1.0, 6.823928466704025E-61,0.0, 1.0, 6.106581445664892E-61
619,1.8904064502532557E-61, 1.0, 5.4591427733632204E-61,0.0, 1.0, 4.8852651565319135E-61
620,1.5123251602026046E-61, 1.0, 4.367314218690577E-61,0.0, 1.0, 3.908212125225531E-61
621,1.2098601281620837E-61, 1.0, 3.493851374952461E-61,0.0, 1.0, 3.126569700180425E-61
622,9.67888102529667E-62, 1.0, 2.795081099961969E-61,0.0, 1.0, 2.5012557601443403E-61
623,7.743104820237336E-62, 1.0, 2.2360648799695754E-61,0.0, 1.0, 2.0010046081154722E-61
624,6.194483856189869E-62, 1.0, 1.7888519039756603E-61,0.0, 1.0, 1.600803686492378E-61
625,4.955587084951896E-62, 1.0, 1.4310815231805283E-61,0.0, 1.0, 1.2806429491939024E-61
626,3.964469667961517E-62, 1.0, 1.1448652185444227E-61,0.0, 1.0, 1.024514359355122E-61
627,3.171575734369214E-62, 1.0, 9.158921748355381E-62,0.0, 1.0, 8.196114874840976E-62
628,2.5372605874953713E-62, 1.0, 7.327137398684306E-62,0.0, 1.0, 6.556891899872781E-62
629,2.029808469996297E-62, 1.0, 5.861709918947445E-62,0.0, 1.0, 5.245513519898225E-62
630,1.6238467759970378E-62, 1.0, 4.689367935157956E-62,0.0, 1.0, 4.19641081591858E-62
631,1.2990774207976303E-62, 1.0, 3.751494348126365E-62,0.0, 1.0, 3.3571286527348643E-62
632,1.0392619366381043E-62, 1.0, 3.0011954785010922E-62,0.0, 1.0, 2.6857029221878914E-62
633,8.314095493104835E-63, 1.0, 2.400956382800874E-62,0.0, 1.0, 2.148562337750313E-62
634,6.651276394483869E-63, 1.0, 1.9207651062406993E-62,0.0, 1.0, 1.7188498702002506E-62
635,5.321021115587096E-63, 1.0, 1.5366120849925595E-62,0.0, 1.0, 1.3750798961602005E-62
636,4.2568168924696766E-63, 1.0, 1.2292896679940477E-62,0.0, 1.0, 1.1000639169281605E-62
637,3.4054535139757414E-63, 1.0, 9.834317343952383E-63,0.0, 1.0, 8.800511335425284E-63
638,2.7243628111805933E-63, 1.0, 7.867453875161907E-63,0.0, 1.0, 7.040409068340228E-63
639,2.179490248944475E-63, 1.0, 6.293963100129526E-63,0.0, 1.0, 5.632327254672183E-63
640,1.74359219915558E-63, 1.0, 5.035170480103621E-63,0.0, 1.0, 4.505861803737746E-63
641,1.394873759324464E-63, 1.0, 4.028136384082897E-63,0.0, 1.0, 3.604689442990197E-63
642,1.1158990074595713E-63, 1.0, 3.222509107266318E-63,0.0, 1.0, 2.8837515543921576E-63
643,8.92719205967657E-64, 1.0, 2.5780072858130543E-63,0.0, 1.0, 2.3070012435137262E-63
644,7.141753647741257E-64, 1.0, 2.0624058286504436E-63,0.0, 1.0, 1.845600994810981E-63
645,5.7134029181930056E-64, 1.0, 1.649924662920355E-63,0.0, 1.0, 1.4764807958487848E-63
646,4.5707223345544045E-64, 1.0, 1.3199397303362842E-63,0.0, 1.0, 1.1811846366790279E-63
647,3.656577867643524E-64, 1.0, 1.0559517842690274E-63,0.0, 1.0, 9.449477093432224E-64
648,2.9252622941148193E-64, 1.0, 8.44761427415222E-64,0.0, 1.0, 7.55958167474578E-64
649,2.3402098352918555E-64, 1.0, 6.758091419321776E-64,0.0, 1.0, 6.0476653397966246E-64
650,1.8721678682334844E-64, 1.0, 5.4064731354574215E-64,0.0, 1.0, 4.8381322718373E-64
651,1.4977342945867876E-64, 1.0, 4.3251785083659374E-64,0.0, 1.0, 3.87050581746984E-64
652,1.19818743566943E-64, 1.0, 3.46014280669275E-64,0.0, 1.0, 3.0964046539758724E-64
653,9.585499485355442E-65, 1.0, 2.7681142453542E-64,0.0, 1.0, 2.4771237231806982E-64
654,7.668399588284354E-65, 1.0, 2.21449139628336E-64,0.0, 1.0, 1.9816989785445586E-64
655,6.134719670627484E-65, 1.0, 1.771593117026688E-64,0.0, 1.0, 1.585359182835647E-64
656,4.907775736501987E-65, 1.0, 1.4172744936213506E-64,0.0, 1.0, 1.2682873462685175E-64
657,3.92622058920159E-65, 1.0, 1.1338195948970805E-64,0.0, 1.0, 1.014629877014814E-64
658,3.140976471361272E-65, 1.0, 9.070556759176645E-65,0.0, 1.0, 8.117039016118513E-65
659,2.512781177089018E-65, 1.0, 7.256445407341316E-65,0.0, 1.0, 6.4936312128948105E-65
660,2.0102249416712146E-65, 1.0, 5.805156325873053E-65,0.0, 1.0, 5.194904970315849E-65
661,1.6081799533369717E-65, 1.0, 4.644125060698443E-65,0.0, 1.0, 4.15592397625268E-65
662,1.2865439626695775E-65, 1.0, 3.7153000485587546E-65,0.0, 1.0, 3.324739181002144E-65
663,1.029235170135662E-65, 1.0, 2.972240038847004E-65,0.0, 1.0, 2.6597913448017154E-65
664,8.233881361085296E-66, 1.0, 2.3777920310776035E-65,0.0, 1.0, 2.1278330758413725E-65
665,6.587105088868237E-66, 1.0, 1.902233624862083E-65,0.0, 1.0, 1.7022664606730981E-65
666,5.26968407109459E-66, 1.0, 1.5217868998896665E-65,0.0, 1.0, 1.3618131685384786E-65
667,4.215747256875672E-66, 1.0, 1.2174295199117332E-65,0.0, 1.0, 1.089450534830783E-65
668,3.3725978055005377E-66, 1.0, 9.739436159293865E-66,0.0, 1.0, 8.715604278646264E-66
669,2.6980782444004303E-66, 1.0, 7.791548927435092E-66,0.0, 1.0, 6.972483422917012E-66
670,2.1584625955203444E-66, 1.0, 6.233239141948074E-66,0.0, 1.0, 5.57798673833361E-66
671,1.7267700764162757E-66, 1.0, 4.986591313558459E-66,0.0, 1.0, 4.462389390666888E-66
672,1.3814160611330206E-66, 1.0, 3.9892730508467677E-66,0.0, 1.0, 3.569911512533511E-66
673,1.1051328489064165E-66, 1.0, 3.191418440677414E-66,0.0, 1.0, 2.855929210026809E-66
674,8.841062791251332E-67, 1.0, 2.5531347525419313E-66,0.0, 1.0, 2.2847433680214473E-66
675,7.072850233001066E-67, 1.0, 2.042507802033545E-66,0.0, 1.0, 1.827794694417158E-66
676,5.6582801864008534E-67, 1.0, 1.634006241626836E-66,0.0, 1.0, 1.4622357555337266E-66
677,4.526624149120683E-67, 1.0, 1.307204993301469E-66,0.0, 1.0, 1.1697886044269813E-66
678,3.621299319296546E-67, 1.0, 1.0457639946411751E-66,0.0, 1.0, 9.358308835415851E-67
679,2.8970394554372372E-67, 1.0, 8.366111957129402E-67,0.0, 1.0, 7.486647068332681E-67
680,2.31763156434979E-67, 1.0, 6.692889565703522E-67,0.0, 1.0, 5.989317654666145E-67
681,1.854105251479832E-67, 1.0, 5.3543116525628174E-67,0.0, 1.0, 4.791454123732916E-67
682,1.4832842011838657E-67, 1.0, 4.283449322050254E-67,0.0, 1.0, 3.833163298986333E-67
683,1.1866273609470926E-67, 1.0, 3.4267594576402034E-67,0.0, 1.0, 3.0665306391890665E-67
684,9.493018887576741E-68, 1.0, 2.741407566112163E-67,0.0, 1.0, 2.4532245113512532E-67
685,7.594415110061393E-68, 1.0, 2.1931260528897305E-67,0.0, 1.0, 1.9625796090810027E-67
686,6.075532088049115E-68, 1.0, 1.7545008423117844E-67,0.0, 1.0, 1.5700636872648022E-67
687,4.8604256704392925E-68, 1.0, 1.4036006738494275E-67,0.0, 1.0, 1.2560509498118418E-67
688,3.8883405363514345E-68, 1.0, 1.1228805390795421E-67,0.0, 1.0, 1.0048407598494735E-67
689,3.110672429081148E-68, 1.0, 8.983044312636337E-68,0.0, 1.0, 8.038726078795787E-68
690,2.4885379432649186E-68, 1.0, 7.18643545010907E-68,0.0, 1.0, 6.43098086303663E-68
691,1.990830354611935E-68, 1.0, 5.749148360087256E-68,0.0, 1.0, 5.144784690429304E-68
692,1.5926642836895481E-68, 1.0, 4.599318688069805E-68,0.0, 1.0, 4.115827752343444E-68
693,1.2741314269516386E-68, 1.0, 3.6794549504558446E-68,0.0, 1.0, 3.2926622018747553E-68
694,1.019305141561311E-68, 1.0, 2.943563960364676E-68,0.0, 1.0, 2.6341297614998043E-68
695,8.154441132490488E-69, 1.0, 2.354851168291741E-68,0.0, 1.0, 2.1073038091998435E-68
696,6.523552905992391E-69, 1.0, 1.8838809346333926E-68,0.0, 1.0, 1.685843047359875E-68
697,5.218842324793913E-69, 1.0, 1.5071047477067141E-68,0.0, 1.0, 1.3486744378879001E-68
698,4.1750738598351306E-69, 1.0, 1.2056837981653714E-68,0.0, 1.0, 1.0789395503103202E-68
699,3.3400590878681047E-69, 1.0, 9.64547038532297E-69,0.0, 1.0, 8.631516402482562E-69
700,2.672047270294484E-69, 1.0, 7.716376308258377E-69,0.0, 1.0, 6.90521312198605E-69
701,2.137637816235587E-69, 1.0, 6.173101046606702E-69,0.0, 1.0, 5.52417049758884E-69
702,1.7101102529884698E-69, 1.0, 4.938480837285361E-69,0.0, 1.0, 4.419336398071072E-69
703,1.3680882023907758E-69, 1.0, 3.9507846698282895E-69,0.0, 1.0, 3.535469118456858E-69
704,1.0944705619126207E-69, 1.0, 3.1606277358626317E-69,0.0, 1.0, 2.8283752947654867E-69
705,8.755764495300966E-70, 1.0, 2.5285021886901057E-69,0.0, 1.0, 2.2627002358123894E-69
706,7.004611596240774E-70, 1.0, 2.0228017509520847E-69,0.0, 1.0, 1.8101601886499116E-69
707,5.6036892769926195E-70, 1.0, 1.618241400761668E-69,0.0, 1.0, 1.4481281509199293E-69
708,4.482951421594096E-70, 1.0, 1.2945931206093345E-69,0.0, 1.0, 1.1585025207359435E-69
709,3.586361137275277E-70, 1.0, 1.0356744964874676E-69,0.0, 1.0, 9.268020165887548E-70
710,2.8690889098202218E-70, 1.0, 8.285395971899742E-70,0.0, 1.0, 7.414416132710039E-70
711,2.2952711278561774E-70, 1.0, 6.628316777519794E-70,0.0, 1.0, 5.931532906168031E-70
712,1.836216902284942E-70, 1.0, 5.302653422015836E-70,0.0, 1.0, 4.7452263249344247E-70
713,1.4689735218279537E-70, 1.0, 4.2421227376126686E-70,0.0, 1.0, 3.79618105994754E-70
714,1.1751788174623631E-70, 1.0, 3.393698190090135E-70,0.0, 1.0, 3.036944847958032E-70
715,9.401430539698906E-71, 1.0, 2.714958552072108E-70,0.0, 1.0, 2.4295558783664258E-70
716,7.521144431759125E-71, 1.0, 2.1719668416576864E-70,0.0, 1.0, 1.9436447026931406E-70
717,6.0169155454073004E-71, 1.0, 1.737573473326149E-70,0.0, 1.0, 1.5549157621545124E-70
718,4.813532436325841E-71, 1.0, 1.3900587786609194E-70,0.0, 1.0, 1.24393260972361E-70
719,3.850825949060673E-71, 1.0, 1.1120470229287355E-70,0.0, 1.0, 9.95146087778888E-71
720,3.0806607592485383E-71, 1.0, 8.896376183429885E-71,0.0, 1.0, 7.961168702231106E-71
721,2.464528607398831E-71, 1.0, 7.117100946743908E-71,0.0, 1.0, 6.3689349617848846E-71
722,1.9716228859190647E-71, 1.0, 5.6936807573951266E-71,0.0, 1.0, 5.095147969427908E-71
723,1.5772983087352519E-71, 1.0, 4.554944605916102E-71,0.0, 1.0, 4.076118375542327E-71
724,1.2618386469882016E-71, 1.0, 3.6439556847328815E-71,0.0, 1.0, 3.2608947004338613E-71
725,1.0094709175905614E-71, 1.0, 2.9151645477863055E-71,0.0, 1.0, 2.6087157603470893E-71
726,8.075767340724491E-72, 1.0, 2.3321316382290447E-71,0.0, 1.0, 2.0869726082776714E-71
727,6.460613872579593E-72, 1.0, 1.865705310583236E-71,0.0, 1.0, 1.6695780866221372E-71
728,5.168491098063674E-72, 1.0, 1.4925642484665887E-71,0.0, 1.0, 1.33566246929771E-71
729,4.13479287845094E-72, 1.0, 1.194051398773271E-71,0.0, 1.0, 1.068529975438168E-71
730,3.307834302760752E-72, 1.0, 9.552411190186168E-72,0.0, 1.0, 8.548239803505343E-72
731,2.6462674422086015E-72, 1.0, 7.641928952148935E-72,0.0, 1.0, 6.838591842804275E-72
732,2.1170139537668814E-72, 1.0, 6.113543161719148E-72,0.0, 1.0, 5.470873474243421E-72
733,1.6936111630135052E-72, 1.0, 4.890834529375319E-72,0.0, 1.0, 4.3766987793947367E-72
734,1.3548889304108043E-72, 1.0, 3.9126676235002557E-72,0.0, 1.0, 3.5013590235157896E-72
735,1.0839111443286434E-72, 1.0, 3.130134098800205E-72,0.0, 1.0, 2.801087218812632E-72
736,8.671289154629148E-73, 1.0, 2.504107279040164E-72,0.0, 1.0, 2.2408697750501054E-72
737,6.937031323703318E-73, 1.0, 2.0032858232321312E-72,0.0, 1.0, 1.7926958200400845E-72
738,5.549625058962655E-73, 1.0, 1.6026286585857051E-72,0.0, 1.0, 1.4341566560320676E-72
739,4.4397000471701245E-73, 1.0, 1.2821029268685643E-72,0.0, 1.0, 1.147325324825654E-72
740,3.5517600377361E-73, 1.0, 1.0256823414948514E-72,0.0, 1.0, 9.178602598605233E-73
741,2.84140803018888E-73, 1.0, 8.205458731958811E-73,0.0, 1.0, 7.342882078884187E-73
742,2.273126424151104E-73, 1.0, 6.564366985567049E-73,0.0, 1.0, 5.87430566310735E-73
743,1.8185011393208835E-73, 1.0, 5.2514935884536394E-73,0.0, 1.0, 4.69944453048588E-73
744,1.4548009114567068E-73, 1.0, 4.2011948707629117E-73,0.0, 1.0, 3.759555624388704E-73
745,1.1638407291653655E-73, 1.0, 3.3609558966103295E-73,0.0, 1.0, 3.0076444995109635E-73
746,9.310725833322925E-74, 1.0, 2.6887647172882638E-73,0.0, 1.0, 2.4061155996087708E-73
747,7.44858066665834E-74, 1.0, 2.1510117738306113E-73,0.0, 1.0, 1.924892479687017E-73
748,5.958864533326673E-74, 1.0, 1.7208094190644892E-73,0.0, 1.0, 1.5399139837496137E-73
749,4.767091626661339E-74, 1.0, 1.3766475352515914E-73,0.0, 1.0, 1.231931186999691E-73
750,3.813673301329071E-74, 1.0, 1.1013180282012732E-73,0.0, 1.0, 9.855449495997528E-74
751,3.0509386410632572E-74, 1.0, 8.810544225610187E-74,0.0, 1.0, 7.884359596798023E-74
752,2.440750912850606E-74, 1.0, 7.04843538048815E-74,0.0, 1.0, 6.3074876774384185E-74
753,1.952600730280485E-74, 1.0, 5.63874830439052E-74,0.0, 1.0, 5.045990141950735E-74
754,1.562080584224388E-74, 1.0, 4.5109986435124165E-74,0.0, 1.0, 4.036792113560588E-74
755,1.2496644673795105E-74, 1.0, 3.608798914809933E-74,0.0, 1.0, 3.2294336908484708E-74
756,9.997315739036085E-75, 1.0, 2.887039131847947E-74,0.0, 1.0, 2.5835469526787768E-74
757,7.997852591228869E-75, 1.0, 2.3096313054783577E-74,0.0, 1.0, 2.0668375621430217E-74
758,6.398282072983096E-75, 1.0, 1.847705044382686E-74,0.0, 1.0, 1.6534700497144175E-74
759,5.118625658386477E-75, 1.0, 1.478164035506149E-74,0.0, 1.0, 1.3227760397715341E-74
760,4.0949005267091816E-75, 1.0, 1.1825312284049191E-74,0.0, 1.0, 1.0582208318172273E-74
761,3.2759204213673456E-75, 1.0, 9.460249827239353E-75,0.0, 1.0, 8.465766654537819E-75
762,2.6207363370938767E-75, 1.0, 7.568199861791483E-75,0.0, 1.0, 6.772613323630255E-75
763,2.0965890696751014E-75, 1.0, 6.054559889433187E-75,0.0, 1.0, 5.418090658904205E-75
764,1.6772712557400813E-75, 1.0, 4.84364791154655E-75,0.0, 1.0, 4.334472527123364E-75
765,1.3418170045920651E-75, 1.0, 3.8749183292372396E-75,0.0, 1.0, 3.4675780216986916E-75
766,1.0734536036736522E-75, 1.0, 3.099934663389792E-75,0.0, 1.0, 2.7740624173589533E-75
767,8.587628829389218E-76, 1.0, 2.4799477307118335E-75,0.0, 1.0, 2.2192499338871626E-75
768,6.870103063511375E-76, 1.0, 1.9839581845694669E-75,0.0, 1.0, 1.77539994710973E-75
769,5.4960824508091E-76, 1.0, 1.5871665476555736E-75,0.0, 1.0, 1.4203199576877842E-75
770,4.39686596064728E-76, 1.0, 1.2697332381244588E-75,0.0, 1.0, 1.1362559661502275E-75
771,3.517492768517824E-76, 1.0, 1.0157865904995671E-75,0.0, 1.0, 9.090047729201821E-76
772,2.813994214814259E-76, 1.0, 8.126292723996538E-76,0.0, 1.0, 7.272038183361458E-76
773,2.2511953718514074E-76, 1.0, 6.50103417919723E-76,0.0, 1.0, 5.817630546689167E-76
774,1.800956297481126E-76, 1.0, 5.2008273433577846E-76,0.0, 1.0, 4.654104437351334E-76
775,1.440765037984901E-76, 1.0, 4.160661874686228E-76,0.0, 1.0, 3.7232835498810673E-76
776,1.1526120303879208E-76, 1.0, 3.3285294997489827E-76,0.0, 1.0, 2.978626839904854E-76
777,9.220896243103367E-77, 1.0, 2.6628235997991863E-76,0.0, 1.0, 2.382901471923883E-76
778,7.376716994482694E-77, 1.0, 2.1302588798393493E-76,0.0, 1.0, 1.9063211775391066E-76
779,5.901373595586155E-77, 1.0, 1.7042071038714795E-76,0.0, 1.0, 1.5250569420312853E-76
780,4.721098876468924E-77, 1.0, 1.3633656830971836E-76,0.0, 1.0, 1.2200455536250283E-76
781,3.77687910117514E-77, 1.0, 1.090692546477747E-76,0.0, 1.0, 9.760364429000227E-77
782,3.021503280940112E-77, 1.0, 8.725540371821976E-77,0.0, 1.0, 7.808291543200182E-77
783,2.4172026247520897E-77, 1.0, 6.980432297457582E-77,0.0, 1.0, 6.2466332345601456E-77
784,1.9337620998016717E-77, 1.0, 5.5843458379660655E-77,0.0, 1.0, 4.997306587648117E-77
785,1.5470096798413375E-77, 1.0, 4.467476670372853E-77,0.0, 1.0, 3.9978452701184936E-77
786,1.2376077438730701E-77, 1.0, 3.5739813362982825E-77,0.0, 1.0, 3.198276216094795E-77
787,9.900861950984561E-78, 1.0, 2.859185069038626E-77,0.0, 1.0, 2.5586209728758363E-77
788,7.9206895607876495E-78, 1.0, 2.287348055230901E-77,0.0, 1.0, 2.0468967783006693E-77
789,6.33655164863012E-78, 1.0, 1.8298784441847208E-77,0.0, 1.0, 1.6375174226405355E-77
790,5.069241318904096E-78, 1.0, 1.4639027553477767E-77,0.0, 1.0, 1.3100139381124286E-77
791,4.0553930551232774E-78, 1.0, 1.1711222042782215E-77,0.0, 1.0, 1.048011150489943E-77
792,3.244314444098622E-78, 1.0, 9.368977634225772E-78,0.0, 1.0, 8.384089203919544E-78
793,2.595451555278898E-78, 1.0, 7.495182107380618E-78,0.0, 1.0, 6.707271363135635E-78
794,2.0763612442231185E-78, 1.0, 5.996145685904495E-78,0.0, 1.0, 5.365817090508509E-78
795,1.6610889953784948E-78, 1.0, 4.796916548723596E-78,0.0, 1.0, 4.292653672406807E-78
796,1.328871196302796E-78, 1.0, 3.837533238978877E-78,0.0, 1.0, 3.434122937925446E-78
797,1.0630969570422367E-78, 1.0, 3.070026591183102E-78,0.0, 1.0, 2.7472983503403566E-78
798,8.504775656337895E-79, 1.0, 2.4560212729464817E-78,0.0, 1.0, 2.1978386802722854E-78
799,6.803820525070317E-79, 1.0, 1.9648170183571855E-78,0.0, 1.0, 1.7582709442178284E-78
800,5.443056420056254E-79, 1.0, 1.5718536146857486E-78,0.0, 1.0, 1.4066167553742628E-78
801,4.3544451360450033E-79, 1.0, 1.257482891748599E-78,0.0, 1.0, 1.1252934042994102E-78
802,3.483556108836003E-79, 1.0, 1.0059863133988792E-78,0.0, 1.0, 9.002347234395282E-79
803,2.7868448870688025E-79, 1.0, 8.047890507191034E-79,0.0, 1.0, 7.201877787516227E-79
804,2.229475909655042E-79, 1.0, 6.438312405752828E-79,0.0, 1.0, 5.761502230012981E-79
805,1.783580727724034E-79, 1.0, 5.150649924602262E-79,0.0, 1.0, 4.6092017840103854E-79
806,1.4268645821792272E-79, 1.0, 4.12051993968181E-79,0.0, 1.0, 3.687361427208309E-79
807,1.1414916657433819E-79, 1.0, 3.2964159517454487E-79,0.0, 1.0, 2.949889141766647E-79
808,9.131933325947056E-80, 1.0, 2.637132761396359E-79,0.0, 1.0, 2.359911313413318E-79
809,7.305546660757645E-80, 1.0, 2.1097062091170875E-79,0.0, 1.0, 1.8879290507306545E-79
810,5.8444373286061165E-80, 1.0, 1.6877649672936702E-79,0.0, 1.0, 1.5103432405845235E-79
811,4.675549862884894E-80, 1.0, 1.3502119738349362E-79,0.0, 1.0, 1.2082745924676188E-79
812,3.740439890307915E-80, 1.0, 1.080169579067949E-79,0.0, 1.0, 9.666196739740951E-80
813,2.9923519122463322E-80, 1.0, 8.641356632543592E-80,0.0, 1.0, 7.732957391792761E-80
814,2.393881529797066E-80, 1.0, 6.913085306034874E-80,0.0, 1.0, 6.186365913434209E-80
815,1.915105223837653E-80, 1.0, 5.530468244827899E-80,0.0, 1.0, 4.9490927307473674E-80
816,1.5320841790701224E-80, 1.0, 4.42437459586232E-80,0.0, 1.0, 3.959274184597894E-80
817,1.225667343256098E-80, 1.0, 3.539499676689856E-80,0.0, 1.0, 3.1674193476783153E-80
818,9.805338746048784E-81, 1.0, 2.831599741351885E-80,0.0, 1.0, 2.5339354781426525E-80
819,7.844270996839028E-81, 1.0, 2.2652797930815082E-80,0.0, 1.0, 2.0271483825141222E-80
820,6.275416797471223E-81, 1.0, 1.8122238344652065E-80,0.0, 1.0, 1.621718706011298E-80
821,5.020333437976978E-81, 1.0, 1.4497790675721652E-80,0.0, 1.0, 1.2973749648090383E-80
822,4.016266750381583E-81, 1.0, 1.1598232540577322E-80,0.0, 1.0, 1.0378999718472307E-80
823,3.2130134003052666E-81, 1.0, 9.278586032461857E-81,0.0, 1.0, 8.303199774777846E-81
824,2.5704107202442134E-81, 1.0, 7.422868825969486E-81,0.0, 1.0, 6.642559819822277E-81
825,2.0563285761953709E-81, 1.0, 5.9382950607755895E-81,0.0, 1.0, 5.314047855857822E-81
826,1.6450628609562967E-81, 1.0, 4.750636048620472E-81,0.0, 1.0, 4.251238284686258E-81
827,1.3160502887650374E-81, 1.0, 3.8005088388963775E-81,0.0, 1.0, 3.4009906277490067E-81
828,1.0528402310120299E-81, 1.0, 3.0404070711171023E-81,0.0, 1.0, 2.7207925021992054E-81
829,8.42272184809624E-82, 1.0, 2.432325656893682E-81,0.0, 1.0, 2.1766340017593645E-81
830,6.738177478476992E-82, 1.0, 1.9458605255149456E-81,0.0, 1.0, 1.7413072014074918E-81
831,5.390541982781594E-82, 1.0, 1.5566884204119565E-81,0.0, 1.0, 1.3930457611259935E-81
832,4.3124335862252753E-82, 1.0, 1.2453507363295653E-81,0.0, 1.0, 1.114436608900795E-81
833,3.44994686898022E-82, 1.0, 9.962805890636523E-82,0.0, 1.0, 8.91549287120636E-82
834,2.7599574951841766E-82, 1.0, 7.970244712509219E-82,0.0, 1.0, 7.132394296965088E-82
835,2.2079659961473414E-82, 1.0, 6.376195770007376E-82,0.0, 1.0, 5.705915437572071E-82
836,1.7663727969178732E-82, 1.0, 5.100956616005901E-82,0.0, 1.0, 4.564732350057657E-82
837,1.4130982375342987E-82, 1.0, 4.0807652928047207E-82,0.0, 1.0, 3.651785880046126E-82
838,1.130478590027439E-82, 1.0, 3.264612234243777E-82,0.0, 1.0, 2.9214287040369006E-82
839,9.043828720219513E-83, 1.0, 2.6116897873950218E-82,0.0, 1.0, 2.3371429632295206E-82
840,7.23506297617561E-83, 1.0, 2.0893518299160175E-82,0.0, 1.0, 1.8697143705836167E-82
841,5.7880503809404886E-83, 1.0, 1.671481463932814E-82,0.0, 1.0, 1.4957714964668934E-82
842,4.630440304752391E-83, 1.0, 1.3371851711462513E-82,0.0, 1.0, 1.1966171971735148E-82
843,3.704352243801913E-83, 1.0, 1.0697481369170012E-82,0.0, 1.0, 9.57293757738812E-83
844,2.9634817950415305E-83, 1.0, 8.55798509533601E-83,0.0, 1.0, 7.658350061910496E-83
845,2.3707854360332245E-83, 1.0, 6.846388076268808E-83,0.0, 1.0, 6.126680049528397E-83
846,1.8966283488265795E-83, 1.0, 5.477110461015046E-83,0.0, 1.0, 4.9013440396227184E-83
847,1.5173026790612637E-83, 1.0, 4.381688368812037E-83,0.0, 1.0, 3.9210752316981746E-83
848,1.213842143249011E-83, 1.0, 3.50535069504963E-83,0.0, 1.0, 3.1368601853585398E-83
849,9.710737145992088E-84, 1.0, 2.804280556039704E-83,0.0, 1.0, 2.509488148286832E-83
850,7.768589716793671E-84, 1.0, 2.2434244448317635E-83,0.0, 1.0, 2.0075905186294657E-83
851,6.214871773434937E-84, 1.0, 1.794739555865411E-83,0.0, 1.0, 1.6060724149035727E-83
852,4.97189741874795E-84, 1.0, 1.4357916446923288E-83,0.0, 1.0, 1.2848579319228583E-83
853,3.97751793499836E-84, 1.0, 1.148633315753863E-83,0.0, 1.0, 1.0278863455382868E-83
854,3.1820143479986882E-84, 1.0, 9.189066526030906E-84,0.0, 1.0, 8.223090764306294E-84
855,2.545611478398951E-84, 1.0, 7.351253220824725E-84,0.0, 1.0, 6.578472611445036E-84
856,2.0364891827191608E-84, 1.0, 5.88100257665978E-84,0.0, 1.0, 5.2627780891560295E-84
857,1.6291913461753287E-84, 1.0, 4.704802061327824E-84,0.0, 1.0, 4.210222471324824E-84
858,1.303353076940263E-84, 1.0, 3.7638416490622595E-84,0.0, 1.0, 3.368177977059859E-84
859,1.0426824615522106E-84, 1.0, 3.011073319249808E-84,0.0, 1.0, 2.6945423816478875E-84
860,8.341459692417684E-85, 1.0, 2.4088586553998466E-84,0.0, 1.0, 2.15563390531831E-84
861,6.673167753934148E-85, 1.0, 1.9270869243198774E-84,0.0, 1.0, 1.724507124254648E-84
862,5.338534203147319E-85, 1.0, 1.541669539455902E-84,0.0, 1.0, 1.3796056994037186E-84
863,4.2708273625178555E-85, 1.0, 1.2333356315647218E-84,0.0, 1.0, 1.1036845595229748E-84
864,3.416661890014285E-85, 1.0, 9.866685052517775E-85,0.0, 1.0, 8.8294764761838E-85
865,2.733329512011428E-85, 1.0, 7.89334804201422E-85,0.0, 1.0, 7.06358118094704E-85
866,2.1866636096091427E-85, 1.0, 6.314678433611376E-85,0.0, 1.0, 5.650864944757633E-85
867,1.7493308876873141E-85, 1.0, 5.051742746889101E-85,0.0, 1.0, 4.520691955806107E-85
868,1.3994647101498513E-85, 1.0, 4.041394197511281E-85,0.0, 1.0, 3.6165535646448855E-85
869,1.1195717681198811E-85, 1.0, 3.233115358009025E-85,0.0, 1.0, 2.8932428517159083E-85
870,8.956574144959049E-86, 1.0, 2.5864922864072204E-85,0.0, 1.0, 2.3145942813727268E-85
871,7.165259315967239E-86, 1.0, 2.0691938291257763E-85,0.0, 1.0, 1.8516754250981816E-85
872,5.7322074527737914E-86, 1.0, 1.6553550633006213E-85,0.0, 1.0, 1.4813403400785454E-85
873,4.5857659622190334E-86, 1.0, 1.324284050640497E-85,0.0, 1.0, 1.1850722720628364E-85
874,3.668612769775227E-86, 1.0, 1.0594272405123977E-85,0.0, 1.0, 9.480578176502692E-86
875,2.9348902158201816E-86, 1.0, 8.475417924099182E-86,0.0, 1.0, 7.584462541202154E-86
876,2.3479121726561454E-86, 1.0, 6.780334339279346E-86,0.0, 1.0, 6.067570032961723E-86
877,1.8783297381249165E-86, 1.0, 5.424267471423477E-86,0.0, 1.0, 4.854056026369379E-86
878,1.5026637904999333E-86, 1.0, 4.339413977138782E-86,0.0, 1.0, 3.883244821095503E-86
879,1.2021310323999468E-86, 1.0, 3.471531181711026E-86,0.0, 1.0, 3.106595856876403E-86
880,9.617048259199575E-87, 1.0, 2.777224945368821E-86,0.0, 1.0, 2.4852766855011224E-86
881,7.69363860735966E-87, 1.0, 2.2217799562950567E-86,0.0, 1.0, 1.9882213484008982E-86
882,6.154910885887728E-87, 1.0, 1.7774239650360454E-86,0.0, 1.0, 1.5905770787207186E-86
883,4.9239287087101824E-87, 1.0, 1.4219391720288363E-86,0.0, 1.0, 1.272461662976575E-86
884,3.939142966968146E-87, 1.0, 1.1375513376230691E-86,0.0, 1.0, 1.01796933038126E-86
885,3.151314373574517E-87, 1.0, 9.100410700984554E-87,0.0, 1.0, 8.143754643050081E-87
886,2.5210514988596135E-87, 1.0, 7.280328560787643E-87,0.0, 1.0, 6.515003714440065E-87
887,2.016841199087691E-87, 1.0, 5.824262848630115E-87,0.0, 1.0, 5.212002971552052E-87
888,1.613472959270153E-87, 1.0, 4.659410278904092E-87,0.0, 1.0, 4.169602377241642E-87
889,1.2907783674161224E-87, 1.0, 3.72752822312